"TOA5","PotTempCR1000","CR1000","5308","CR1000.Std.25","CPU:PotTempCR1000.CR1","38985","Table1"
"TIMESTAMP","RECORD","T109_C(1)","T109_C(2)","T109_C(3)","T109_C(4)","T109_C(5)","T109_C(6)","T109_C(7)","T109_C(8)","T109_C(9)","T109_C(10)","T109_C(11)","T109_C(12)","T109_C(13)","T109_C(14)","T109_C(15)","T109_C(16)","T109_C(17)","T109_C(18)","T109_C(19)","T109_C(20)","T109_C(21)","T109_C(22)","T109_C(23)","T109_C(24)","T109_C(25)","T109_C(26)","T109_C(27)","T109_C(28)","T107_C(1)","T107_C(2)","T107_C(3)","T107_C(4)","T107_C(5)"
"TS","RN","Deg C","Deg C","Deg C","Deg C","Deg C","Deg C","Deg C","Deg C","Deg C","Deg C","Deg C","Deg C","Deg C","Deg C","Deg C","Deg C","Deg C","Deg C","Deg C","Deg C","Deg C","Deg C","Deg C","Deg C","Deg C","Deg C","Deg C","Deg C","","","","",""
"","","Smp","Smp","Smp","Smp","Smp","Smp","Smp","Smp","Smp","Smp","Smp","Smp","Smp","Smp","Smp","Smp","Smp","Smp","Smp","Smp","Smp","Smp","Smp","Smp","Smp","Smp","Smp","Smp","Smp","Smp","Smp","Smp","Smp"
"2014-10-27 16:02:00",0,-2.886,-2.881,-3.018,-2.875,-2.7,-2.93,-2.832,-3.576,-2.842,-2.815,-2.646,-2.646,-2.722,-2.853,-2.7,-2.81,-2.646,-2.985,-3.05,-2.777,-2.81,-3.028,-3.105,-2.733,-2.832,-3.072,-2.881,-2.952,12.45,"NAN","NAN","NAN","NAN"
"2014-10-27 16:03:00",1,-2.886,-2.881,-3.018,-2.875,-2.7,-2.93,-2.832,-3.576,-2.842,-2.815,-2.651,-2.646,-2.722,-2.853,-2.7,-2.81,-2.646,-2.99,-3.05,-2.777,-2.81,-3.028,-3.105,-2.733,-2.832,-3.072,-2.875,-2.952,12.45,"NAN","NAN","NAN","NAN"
"2014-10-27 16:04:00",2,-2.886,-2.886,-3.018,-2.875,-2.7,-2.93,-2.832,-3.576,-2.842,-2.81,-2.651,-2.646,-2.722,-2.853,-2.7,-2.81,-2.646,-2.99,-3.05,-2.777,-2.81,-3.028,-3.105,-2.733,-2.832,-3.072,-2.875,-2.952,12.45,"NAN","NAN","NAN","NAN"
"2014-10-27 16:05:00",3,-2.886,-2.886,-3.018,-2.875,-2.7,-2.93,-2.832,-3.576,-2.842,-2.815,-2.646,-2.646,-2.722,-2.853,-2.7,-2.81,-2.646,-2.99,-3.05,-2.777,-2.81,-3.028,-3.105,-2.733,-2.832,-3.072,-2.881,-2.952,12.47,"NAN","NAN","NAN","NAN"
"2014-10-27 16:06:00",4,-2.886,-2.886,-3.018,-2.875,-2.7,-2.93,-2.821,-3.576,-2.842,-2.81,-2.646,-2.646,-2.722,-2.853,-2.7,-2.81,-2.646,-2.99,-3.05,-2.777,-2.81,-3.028,-3.105,-2.733,-2.832,-3.072,-2.875,-2.952,12.54,"NAN","NAN","NAN","NAN"
"2014-10-27 16:07:00",5,-2.886,-2.886,-3.018,-2.875,-2.7,-2.93,-2.821,-3.576,-2.842,-2.821,-2.646,-2.646,-2.722,-2.853,-2.7,-2.81,-2.646,-2.996,-3.05,-2.777,-2.81,-3.028,-3.105,-2.733,-2.832,-3.072,-2.875,-2.952,12.56,"NAN","NAN","NAN","NAN"
"2014-10-27 16:08:00",6,-2.886,-2.875,-3.028,-2.875,-2.7,-2.93,-2.821,-3.576,-2.842,-2.815,-2.646,-2.646,-2.722,-2.853,-2.7,-2.81,-2.646,-2.99,-3.05,-2.777,-2.81,-3.028,-3.105,-2.733,-2.832,-3.072,-2.881,-2.952,12.6,"NAN","NAN","NAN","NAN"
"2014-10-27 16:09:00",7,-2.886,-2.875,-3.028,-2.875,-2.7,-2.93,-2.826,-3.576,-2.842,-2.81,-2.646,-2.646,-2.722,-2.853,-2.7,-2.81,-2.646,-2.996,-3.05,-2.777,-2.81,-3.028,-3.105,-2.733,-2.832,-3.072,-2.875,-2.952,12.62,"NAN","NAN","NAN","NAN"
"2014-10-27 16:10:00",8,-2.886,-2.87,-3.023,-2.875,-2.7,-2.93,-2.821,-3.576,-2.842,-2.81,-2.646,-2.646,-2.722,-2.853,-2.7,-2.81,-2.646,-2.996,-3.056,-2.777,-2.81,-3.028,-3.105,-2.728,-2.832,-3.072,-2.875,-2.952,12.64,"NAN","NAN","NAN","NAN"
"2014-10-27 16:11:00",9,-2.886,-2.87,-3.028,-2.875,-2.7,-2.93,-2.826,-3.576,-2.842,-2.821,-2.646,-2.646,-2.722,-2.853,-2.706,-2.81,-2.646,-3.001,-3.05,-2.777,-2.81,-3.028,-3.105,-2.733,-2.832,-3.072,-2.875,-2.952,12.67,-273.2,-273.2,"NAN","NAN"
"2014-10-27 16:12:00",10,-2.886,-2.864,-3.023,-2.875,-2.7,-2.93,-2.826,-3.576,-2.842,-2.81,-2.651,-2.646,-2.722,-2.853,-2.7,-2.81,-2.646,-2.99,-3.05,-2.777,-2.81,-3.028,-3.105,-2.728,-2.832,-3.072,-2.875,-2.952,12.7,"NAN","NAN","NAN",-54.89
"2014-10-27 16:13:00",11,-2.886,-2.864,-3.028,-2.875,-2.7,-2.93,-2.832,-3.576,-2.842,-2.81,-2.635,-2.646,-2.722,-2.853,-2.7,-2.81,-2.646,-2.99,-3.056,-2.771,-2.81,-3.028,-3.105,-2.722,-2.832,-3.072,-2.875,-2.952,"NAN","NAN","NAN","NAN","NAN"
"2014-10-27 16:14:00",12,-2.886,-2.87,-3.028,-2.875,-2.7,-2.93,-2.832,-3.576,-2.842,-2.81,-2.635,-2.646,-2.722,-2.853,-2.7,-2.81,-2.646,-2.985,-3.05,-2.771,-2.81,-3.028,-3.105,-2.711,-2.832,-3.072,-2.875,-2.952,12.73,12.62,12.8,13.11,"NAN"
"2014-10-27 16:15:00",13,-2.886,-2.864,-3.018,-2.875,-2.7,-2.93,-2.832,-3.576,-2.842,-2.81,-2.635,-2.646,-2.722,-2.853,-2.7,-2.81,-2.646,-2.996,-3.05,-2.777,-2.81,-3.028,-3.105,-2.711,-2.832,-3.072,-2.875,-2.952,12.74,12.62,12.82,13.01,"NAN"
"2014-10-27 16:16:00",14,-2.886,-2.87,-3.023,-2.875,-2.7,-2.93,-2.842,-3.576,-2.842,-2.81,-2.635,-2.646,-2.722,-2.853,-2.7,-2.81,-2.64,-2.996,-3.05,-2.771,-2.81,-3.028,-3.105,-2.717,-2.832,-3.072,-2.875,-2.897,12.76,12.62,12.83,13.11,"NAN"
"2014-10-27 16:17:00",15,-2.886,-2.87,-3.023,-2.875,-2.7,-2.93,-2.842,-3.576,-2.842,-2.81,-2.635,-2.646,-2.722,-2.853,-2.7,-2.81,-2.646,-2.99,-3.05,-2.771,-2.81,-3.028,-3.105,-2.711,-2.832,-3.072,-2.875,-2.919,12.78,12.6,12.83,13.24,"NAN"
"2014-10-27 16:18:00",16,-2.886,-2.87,-3.023,-2.875,-2.7,-2.93,-2.842,-3.576,-2.842,-2.81,-2.635,-2.646,-2.722,-2.853,-2.7,-2.81,-2.635,-2.985,-3.05,-2.771,-2.81,-3.028,-3.105,-2.711,-2.832,-3.078,-2.875,-2.919,12.78,12.61,12.81,13.25,"NAN"
"2014-10-27 16:19:00",17,-2.886,-2.87,-3.023,-2.875,-2.7,-2.93,-2.842,-3.576,-2.842,-2.81,-2.635,-2.646,-2.722,-2.853,-2.7,-2.81,-2.635,-2.99,-3.05,-2.771,-2.81,-3.028,-3.105,-2.711,-2.832,-3.083,-2.875,-2.919,12.82,12.6,13.28,13.13,"NAN"
"2014-10-27 16:20:00",18,-2.886,-2.875,-3.018,-2.875,-2.7,-2.93,-2.848,-3.576,-2.842,-2.81,-2.635,-2.64,-2.722,-2.853,-2.7,-2.81,-2.635,-2.99,-3.05,-2.766,-2.81,-3.028,-3.105,-2.711,-2.832,-3.078,-2.875,-2.93,12.82,12.63,12.25,13.11,"NAN"
"2014-10-27 16:21:00",19,-2.886,-2.87,-3.018,-2.875,-2.7,-2.93,-2.853,-3.576,-2.842,-2.81,-2.635,-2.635,-2.711,-2.848,-2.7,-2.81,-2.635,-2.985,-3.05,-2.771,-2.81,-3.028,-3.105,-2.711,-2.832,-3.083,-2.875,-2.93,12.8,12.66,11.73,13.06,"NAN"
"2014-10-27 16:22:00",20,-2.886,-2.875,-3.018,-2.875,-2.7,-2.93,-2.853,-3.576,-2.842,-2.81,-2.635,-2.64,-2.722,-2.853,-2.7,-2.804,-2.635,-2.985,-3.05,-2.771,-2.81,-3.028,-3.105,-2.711,-2.81,-3.078,-2.875,-2.952,12.79,12.66,11.45,13.01,"NAN"
"2014-10-27 16:23:00",21,-2.886,-2.87,-3.018,-2.875,-2.7,-2.93,-2.853,-3.576,-2.842,-2.81,-2.635,-2.635,-2.722,-2.848,-2.7,-2.81,-2.635,-2.985,-3.05,-2.766,-2.81,-3.028,-3.094,-2.662,-2.821,-3.05,-2.821,-2.952,12.78,12.69,11.29,12.97,"NAN"
"2014-10-27 16:24:00",22,-2.886,-2.87,-3.018,-2.875,-2.7,-2.93,-2.853,-3.576,-2.842,-2.81,-2.635,-2.646,-2.722,-2.853,-2.657,-2.81,-2.613,-2.963,-2.974,-2.733,-2.733,-2.941,-3.023,-2.591,-2.799,-2.957,-2.766,-2.897,12.76,12.69,11.15,12.91,"NAN"
"2014-10-27 16:25:00",23,-2.886,-2.87,-3.018,-2.875,-2.7,-2.93,-2.853,-3.576,-2.832,-2.81,-2.613,-2.64,-2.679,-2.832,-2.624,-2.766,-2.58,-2.93,-2.93,-2.722,-2.711,-2.914,-2.996,-2.558,-2.799,-2.952,-2.744,-2.864,12.73,12.71,11.05,12.88,"NAN"
"2014-10-27 16:26:00",24,-2.886,-2.87,-3.018,-2.875,-2.7,-2.919,-2.842,-3.565,-2.777,-2.788,-2.602,-2.624,-2.668,-2.821,-2.629,-2.755,-2.569,-2.93,-2.935,-2.711,-2.711,-2.93,-3.001,-2.58,-2.799,-2.963,-2.744,-2.864,12.7,12.72,10.95,12.85,"NAN"
"2014-10-27 16:27:00",25,-2.875,-2.81,-2.996,-2.821,-2.657,-2.886,-2.799,-3.533,-2.733,-2.771,-2.569,-2.569,-2.624,-2.788,-2.613,-2.733,-2.547,-2.886,-2.908,-2.7,-2.679,-2.919,-2.996,-2.547,-2.788,-2.985,-2.744,-2.832,12.7,12.73,10.94,12.82,"NAN"
"2014-10-27 16:28:00",26,-2.853,-2.799,-2.974,-2.81,-2.646,-2.875,-2.788,-3.522,-2.739,-2.75,-2.553,-2.558,-2.613,-2.777,-2.608,-2.733,-2.537,-2.886,-2.897,-2.689,-2.689,-2.93,-2.996,-2.558,-2.777,-2.985,-2.755,-2.832,12.72,12.78,10.75,12.78,"NAN"
"2014-10-27 16:29:00",27,-2.788,-2.777,-2.941,-2.81,-2.635,-2.848,-2.635,-3.511,-2.733,-2.739,-2.526,-2.471,-2.624,-2.771,-2.602,-2.728,-2.537,-2.886,-2.908,-2.668,-2.695,-2.93,-3.001,-2.558,-2.766,-2.996,-2.766,-2.832,13.99,14.7,12.08,13.46,"NAN"
"2014-10-27 16:30:00",28,-2.821,-2.799,-2.968,-2.821,-2.657,-2.875,-2.722,-3.522,-2.788,-2.75,-2.58,-2.547,-2.668,-2.799,-2.646,-2.744,-2.58,-2.941,-2.974,-2.7,-2.755,-2.974,-3.061,-2.657,-2.788,-3.05,-2.842,-2.897,13.68,13.75,13.62,13.63,"NAN"
"2014-10-27 16:31:00",29,-2.886,-2.864,-3.018,-2.892,-2.7,-2.919,-2.842,-3.56,-2.826,-2.799,-2.613,-2.624,-2.744,-2.832,-2.695,-2.788,-2.679,-3.034,-3.034,-2.744,-2.815,-3.039,-3.094,-2.711,-2.826,-3.089,-2.875,-2.952,12.67,11.42,12.66,11.36,"NAN"
"2014-10-27 16:32:00",30,-2.919,-2.886,-3.061,-2.93,-2.76,-2.941,-2.864,-3.62,-2.875,-2.804,-2.668,-2.651,-2.821,-2.897,-2.744,-2.842,-2.755,-3.105,-3.05,-2.788,-2.886,-3.116,-3.149,-2.766,-2.886,-3.116,-2.908,-2.985,11.33,10.04,11.22,9.96,"NAN"
"2014-10-27 16:33:00",31,-2.963,-2.93,-3.111,-2.99,-2.821,-2.985,-2.897,-3.686,-2.919,-2.842,-2.722,-2.689,-2.897,-2.952,-2.815,-2.908,-2.799,-3.171,-3.083,-2.821,-2.941,-3.182,-3.204,-2.821,-2.935,-3.171,-2.974,-3.028,9.92,8.6,9.76,8.85,"NAN"
"2014-10-27 16:34:00",32,-3.05,-3.05,-3.204,-3.061,-2.908,-3.072,-3.028,-3.774,-3.018,-2.935,-2.853,-2.81,-2.925,-3.045,-2.908,-2.974,-2.908,-3.253,-3.182,-2.941,-3.028,-3.226,-3.291,-2.908,-3.039,-3.247,-3.05,-3.116,7.774,5.784,6.606,6.345,"NAN"
"2014-10-27 16:35:00",33,-3.028,-3.05,-3.237,-3.05,-2.93,-3.138,-3.078,-3.774,-3.039,-3.007,-2.886,-2.81,-2.93,-3.039,-2.897,-3.007,-2.875,-3.242,-3.269,-2.952,-3.007,-3.247,-3.313,-2.903,-3.028,-3.291,-3.105,-3.149,6.81,7.813,5.572,7.296,"NAN"
"2014-10-27 16:36:00",34,-3.083,-3.072,-3.258,-3.094,-2.93,-3.138,-3.072,-3.791,-3.05,-3.001,-2.886,-2.832,-2.952,-3.05,-2.919,-3.007,-2.968,-3.28,-3.258,-2.974,-3.039,-3.264,-3.313,-2.93,-3.061,-3.297,-3.094,-3.16,6.82,6.132,5.119,5.958,"NAN"
"2014-10-27 16:37:00",35,-3.105,-3.105,-3.28,-3.116,-2.963,-3.143,-3.083,-3.818,-3.078,-3.012,-2.919,-2.853,-2.985,-3.083,-2.952,-3.039,-3.007,-3.335,-3.269,-2.996,-3.072,-3.297,-3.335,-2.952,-3.094,-3.313,-3.116,-3.182,6.122,4.764,4.245,4.399,"NAN"
"2014-10-27 16:38:00",36,-3.127,-3.127,-3.313,-3.138,-2.985,-3.171,-3.105,-3.829,-3.094,-3.039,-2.941,-2.886,-3.007,-3.105,-2.974,-3.061,-3.039,-3.357,-3.28,-3.018,-3.094,-3.324,-3.363,-2.985,-3.105,-3.346,-3.138,-3.215,5.62,3.91,3.814,3.871,"NAN"
"2014-10-27 16:39:00",37,-3.154,-3.16,-3.324,-3.16,-2.996,-3.182,-3.116,-3.845,-3.105,-3.05,-2.957,-2.919,-3.028,-3.116,-2.99,-3.072,-3.05,-3.368,-3.302,-3.039,-3.105,-3.324,-3.373,-3.007,-3.116,-3.357,-3.16,-3.247,5.283,3.622,3.584,3.45,"NAN"
"2014-10-27 16:40:00",38,-3.16,-3.171,-3.324,-3.171,-3.007,-3.204,-3.149,-3.851,-3.127,-3.061,-2.963,-2.941,-3.039,-3.138,-3.007,-3.072,-3.045,-3.368,-3.319,-3.045,-3.127,-3.335,-3.379,-3.007,-3.127,-3.368,-3.16,-3.269,5.004,3.479,3.852,3.46,"NAN"
"2014-10-27 16:41:00",39,-3.187,-3.182,-3.324,-3.182,-3.007,-3.204,-3.154,-3.851,-3.138,-3.067,-2.985,-2.946,-3.039,-3.149,-3.018,-3.083,-3.039,-3.357,-3.335,-3.061,-3.138,-3.335,-3.384,-3.012,-3.132,-3.379,-3.171,-3.269,4.831,3.478,4.024,3.794,"NAN"
"2014-10-27 16:42:00",40,-3.204,-3.193,-3.324,-3.182,-3.018,-3.215,-3.171,-3.873,-3.138,-3.078,-2.996,-2.963,-3.039,-3.149,-3.018,-3.094,-3.039,-3.341,-3.335,-3.067,-3.138,-3.335,-3.395,-3.028,-3.138,-3.39,-3.171,-3.269,4.735,3.555,3.996,3.9,"NAN"
"2014-10-27 16:43:00",41,-3.204,-3.204,-3.324,-3.182,-3.018,-3.215,-3.176,-3.873,-3.138,-3.083,-2.996,-2.963,-3.039,-3.154,-3.018,-3.105,-3.039,-3.341,-3.352,-3.072,-3.138,-3.335,-3.401,-3.028,-3.149,-3.39,-3.171,-3.28,4.677,3.584,3.929,3.91,"NAN"
"2014-10-27 16:44:00",42,-3.204,-3.215,-3.335,-3.182,-3.028,-3.215,-3.182,-3.873,-3.138,-3.094,-2.996,-2.985,-3.039,-3.16,-3.023,-3.105,-3.05,-3.346,-3.357,-3.072,-3.138,-3.335,-3.412,-3.028,-3.149,-3.39,-3.182,-3.269,4.62,3.622,3.891,3.862,"NAN"
"2014-10-27 16:45:00",43,-3.204,-3.215,-3.335,-3.182,-3.039,-3.226,-3.193,-3.873,-3.149,-3.1,-2.996,-2.985,-3.039,-3.165,-3.028,-3.105,-3.05,-3.352,-3.368,-3.083,-3.149,-3.341,-3.412,-3.039,-3.149,-3.39,-3.182,-3.28,4.562,3.575,3.872,3.804,"NAN"
"2014-10-27 16:46:00",44,-3.204,-3.215,-3.335,-3.182,-3.039,-3.231,-3.193,-3.884,-3.149,-3.1,-2.996,-2.985,-3.05,-3.171,-3.028,-3.105,-3.05,-3.357,-3.368,-3.094,-3.149,-3.346,-3.412,-3.039,-3.149,-3.39,-3.182,-3.275,4.514,3.498,3.852,3.757,"NAN"
"2014-10-27 16:47:00",45,-3.204,-3.22,-3.335,-3.193,-3.039,-3.231,-3.193,-3.884,-3.149,-3.1,-2.996,-2.979,-3.05,-3.171,-3.028,-3.105,-3.05,-3.357,-3.368,-3.094,-3.149,-3.346,-3.412,-3.039,-3.149,-3.401,-3.182,-3.275,4.466,3.374,3.872,3.632,"NAN"
"2014-10-27 16:48:00",46,-3.204,-3.226,-3.335,-3.198,-3.039,-3.231,-3.193,-3.884,-3.154,-3.105,-3.007,-2.979,-3.05,-3.171,-3.028,-3.105,-3.05,-3.357,-3.368,-3.105,-3.149,-3.352,-3.412,-3.039,-3.149,-3.406,-3.187,-3.291,4.427,3.354,3.842,3.536,"NAN"
"2014-10-27 16:49:00",47,-3.209,-3.226,-3.335,-3.204,-3.039,-3.242,-3.198,-3.884,-3.154,-3.111,-3.007,-2.979,-3.05,-3.171,-3.039,-3.111,-3.05,-3.357,-3.379,-3.105,-3.149,-3.352,-3.412,-3.039,-3.154,-3.417,-3.182,-3.302,4.389,3.402,3.833,3.498,"NAN"
"2014-10-27 16:50:00",48,-3.215,-3.226,-3.335,-3.204,-3.05,-3.247,-3.209,-3.884,-3.16,-3.111,-3.007,-2.985,-3.05,-3.182,-3.039,-3.116,-3.05,-3.357,-3.379,-3.105,-3.16,-3.352,-3.412,-3.039,-3.16,-3.423,-3.204,-3.302,4.35,3.421,3.804,3.449,"NAN"
"2014-10-27 16:51:00",49,-3.22,-3.226,-3.335,-3.204,-3.05,-3.247,-3.22,-3.884,-3.16,-3.111,-3.012,-2.996,-3.05,-3.182,-3.039,-3.116,-3.05,-3.357,-3.379,-3.105,-3.16,-3.357,-3.412,-3.05,-3.16,-3.423,-3.204,-3.302,4.302,3.459,3.765,3.373,"NAN"
"2014-10-27 16:52:00",50,-3.215,-3.226,-3.346,-3.204,-3.05,-3.247,-3.226,-3.884,-3.16,-3.121,-3.018,-2.996,-3.05,-3.182,-3.039,-3.116,-3.05,-3.357,-3.384,-3.105,-3.16,-3.357,-3.417,-3.05,-3.16,-3.423,-3.204,-3.302,4.254,3.477,3.755,3.286,"NAN"
"2014-10-27 16:53:00",51,-3.226,-3.237,-3.357,-3.215,-3.05,-3.247,-3.204,-3.884,-3.16,-3.121,-3.018,-2.996,-3.05,-3.182,-3.039,-3.116,-3.056,-3.357,-3.39,-3.105,-3.16,-3.357,-3.423,-3.056,-3.16,-3.423,-3.204,-3.291,4.225,3.382,3.755,3.181,"NAN"
"2014-10-27 16:54:00",52,-3.242,-3.242,-3.357,-3.215,-3.05,-3.258,-3.204,-3.884,-3.16,-3.127,-3.007,-3.007,-3.05,-3.193,-3.039,-3.116,-3.061,-3.357,-3.39,-3.105,-3.16,-3.357,-3.423,-3.056,-3.16,-3.428,-3.204,-3.291,4.177,3.334,3.745,3.114,"NAN"
"2014-10-27 16:55:00",53,-3.247,-3.247,-3.357,-3.215,-3.05,-3.258,-3.226,-3.884,-3.165,-3.127,-3.018,-3.018,-3.056,-3.193,-3.034,-3.116,-3.061,-3.357,-3.39,-3.105,-3.16,-3.357,-3.423,-3.072,-3.16,-3.434,-3.204,-3.302,4.12,3.373,3.679,3.057,"NAN"
"2014-10-27 16:56:00",54,-3.253,-3.247,-3.357,-3.215,-3.05,-3.258,-3.237,-3.884,-3.171,-3.127,-3.018,-3.018,-3.05,-3.193,-3.039,-3.121,-3.061,-3.357,-3.395,-3.105,-3.16,-3.357,-3.423,-3.072,-3.165,-3.434,-3.204,-3.302,4.044,3.402,3.603,3.019,"NAN"
"2014-10-27 16:57:00",55,-3.258,-3.258,-3.368,-3.22,-3.05,-3.258,-3.237,-3.884,-3.182,-3.132,-3.018,-3.028,-3.05,-3.193,-3.039,-3.127,-3.061,-3.357,-3.401,-3.116,-3.171,-3.363,-3.423,-3.072,-3.171,-3.445,-3.204,-3.313,3.948,3.383,3.498,2.99,"NAN"
"2014-10-27 16:58:00",56,-3.28,-3.258,-3.373,-3.226,-3.061,-3.258,-3.242,-3.884,-3.187,-3.143,-3.018,-3.028,-3.056,-3.204,-3.045,-3.127,-3.061,-3.357,-3.412,-3.116,-3.171,-3.368,-3.434,-3.072,-3.182,-3.445,-3.215,-3.324,3.785,3.382,3.363,2.961,"NAN"
"2014-10-27 16:59:00",57,-3.28,-3.269,-3.379,-3.237,-3.061,-3.291,-3.264,-3.895,-3.198,-3.154,-3.028,-3.039,-3.072,-3.215,-3.056,-3.127,-3.061,-3.368,-3.423,-3.132,-3.171,-3.368,-3.434,-3.083,-3.204,-3.456,-3.237,-3.346,3.526,3.21,3.21,2.866,"NAN"
"2014-10-27 17:00:00",58,-3.313,-3.302,-3.434,-3.291,-3.116,-3.335,-3.28,-3.972,-3.253,-3.22,-3.05,-3.061,-3.127,-3.258,-3.116,-3.193,-3.045,-3.39,-3.456,-3.182,-3.204,-3.423,-3.5,-3.116,-3.258,-3.5,-3.291,-3.379,1.996,2.044,1.785,2.158,"NAN"
"2014-10-27 17:01:00",59,-3.313,-3.302,-3.439,-3.291,-3.127,-3.346,-3.291,-3.972,-3.258,-3.22,-3.056,-3.067,-3.138,-3.269,-3.127,-3.215,-3.072,-3.412,-3.478,-3.182,-3.237,-3.439,-3.522,-3.138,-3.264,-3.511,-3.308,-3.379,1.766,1.804,1.651,1.671,"NAN"
"2014-10-27 17:02:00",60,-3.313,-3.302,-3.445,-3.291,-3.127,-3.352,-3.291,-3.977,-3.258,-3.22,-3.061,-3.067,-3.138,-3.269,-3.138,-3.215,-3.083,-3.412,-3.478,-3.182,-3.237,-3.445,-3.522,-3.149,-3.269,-3.511,-3.302,-3.401,1.747,1.823,1.642,1.603,"NAN"
"2014-10-27 17:03:00",61,-3.313,-3.308,-3.445,-3.291,-3.132,-3.357,-3.291,-3.977,-3.258,-3.22,-3.061,-3.061,-3.138,-3.269,-3.138,-3.215,-3.083,-3.406,-3.478,-3.182,-3.237,-3.445,-3.522,-3.149,-3.269,-3.511,-3.302,-3.401,1.747,1.871,1.632,1.556,"NAN"
"2014-10-27 17:04:00",62,-3.313,-3.308,-3.434,-3.291,-3.127,-3.357,-3.291,-3.972,-3.258,-3.22,-3.061,-3.067,-3.138,-3.269,-3.138,-3.215,-3.083,-3.412,-3.478,-3.182,-3.237,-3.445,-3.522,-3.149,-3.269,-3.516,-3.308,-3.401,1.747,1.929,1.642,1.546,"NAN"
"2014-10-27 17:05:00",63,-3.313,-3.302,-3.434,-3.291,-3.127,-3.357,-3.291,-3.972,-3.258,-3.22,-3.061,-3.061,-3.138,-3.269,-3.138,-3.215,-3.083,-3.406,-3.478,-3.182,-3.237,-3.439,-3.522,-3.149,-3.269,-3.511,-3.308,-3.395,1.747,1.948,1.652,1.537,"NAN"
"2014-10-27 17:06:00",64,-3.313,-3.302,-3.439,-3.291,-3.127,-3.357,-3.291,-3.972,-3.258,-3.22,-3.061,-3.061,-3.138,-3.269,-3.138,-3.215,-3.083,-3.406,-3.472,-3.182,-3.237,-3.445,-3.522,-3.149,-3.269,-3.516,-3.302,-3.401,1.738,1.939,1.661,1.546,"NAN"
"2014-10-27 17:07:00",65,-3.313,-3.302,-3.445,-3.302,-3.127,-3.357,-3.302,-3.983,-3.258,-3.226,-3.061,-3.083,-3.138,-3.28,-3.132,-3.226,-3.083,-3.412,-3.478,-3.182,-3.237,-3.445,-3.527,-3.149,-3.269,-3.522,-3.308,-3.401,1.766,1.948,1.623,1.527,"NAN"
"2014-10-27 17:08:00",66,-2.165,-2.155,-2.362,-2.155,-2.046,-2.215,-2.138,-2.886,-2.111,-2.067,-1.969,-1.937,-2.111,-2.133,-2.002,-2.176,-1.969,-2.275,-2.362,-2.089,-2.133,-2.384,-2.438,-2.024,-2.133,-2.427,-2.165,-2.264,30.33,30.28,30.19,30.25,"NAN"
"2014-10-27 17:09:00",67,-2.155,-2.149,-2.307,-2.155,-1.991,-2.209,-2.133,-2.886,-2.111,-2.051,-1.915,-1.904,-2.024,-2.133,-1.991,-2.089,-1.926,-2.275,-2.335,-2.035,-2.1,-2.318,-2.416,-2.002,-2.122,-2.395,-2.165,-2.253,30.57,30.53,30.59,30.46,"NAN"
"2014-10-27 17:10:00",68,-2.155,-2.16,-2.318,-2.155,-1.991,-2.209,-2.133,-2.886,-2.111,-2.051,-1.915,-1.904,-2.013,-2.133,-1.991,-2.089,-1.926,-2.275,-2.34,-2.035,-2.1,-2.318,-2.416,-1.991,-2.122,-2.4,-2.165,-2.253,30.48,30.43,30.56,30.45,"NAN"
"2014-10-27 17:11:00",69,-2.155,-2.16,-2.318,-2.155,-1.996,-2.209,-2.133,-2.897,-2.111,-2.051,-1.915,-1.904,-2.013,-2.138,-1.991,-2.089,-1.926,-2.275,-2.34,-2.035,-2.106,-2.318,-2.416,-2.002,-2.122,-2.4,-2.171,-2.253,30.45,30.46,30.51,30.4,"NAN"
"2014-10-27 17:12:00",70,-2.155,-2.155,-2.318,-2.155,-2.002,-2.209,-2.133,-2.897,-2.116,-2.051,-1.915,-1.904,-2.013,-2.138,-1.991,-2.089,-1.926,-2.28,-2.34,-2.035,-2.111,-2.335,-2.416,-2.002,-2.122,-2.406,-2.171,-2.253,30.4,30.39,30.45,30.34,"NAN"
"2014-10-27 17:13:00",71,-2.155,-2.165,-2.329,-2.155,-2.002,-2.209,-2.144,-2.897,-2.116,-2.056,-1.915,-1.904,-2.024,-2.138,-1.991,-2.089,-1.926,-2.291,-2.345,-2.035,-2.111,-2.34,-2.416,-2.002,-2.127,-2.406,-2.176,-2.253,30.36,30.36,30.4,30.28,"NAN"
"2014-10-27 17:14:00",72,-2.165,-2.165,-2.329,-2.171,-2.002,-2.209,-2.144,-2.897,-2.127,-2.067,-1.915,-1.904,-2.024,-2.138,-1.991,-2.089,-1.926,-2.296,-2.351,-2.046,-2.111,-2.34,-2.422,-2.002,-2.133,-2.406,-2.176,-2.253,30.31,30.3,30.34,30.23,"NAN"
"2014-10-27 17:15:00",73,-2.165,-2.171,-2.329,-2.176,-2.002,-2.209,-2.144,-2.897,-2.127,-2.067,-1.915,-1.904,-2.024,-2.138,-1.996,-2.095,-1.937,-2.296,-2.351,-2.046,-2.111,-2.34,-2.422,-2.002,-2.144,-2.406,-2.176,-2.253,30.26,30.25,30.29,30.17,"NAN"
"2014-10-27 17:16:00",74,-2.165,-2.176,-2.329,-2.176,-2.002,-2.22,-2.165,-2.903,-2.127,-2.067,-1.915,-1.926,-2.024,-2.144,-2.002,-2.111,-1.937,-2.296,-2.351,-2.056,-2.111,-2.34,-2.427,-2.002,-2.144,-2.406,-2.176,-2.253,30.2,30.17,30.24,30.11,"NAN"
"2014-10-27 17:17:00",75,-2.176,-2.176,-2.329,-2.176,-2.002,-2.22,-2.165,-2.908,-2.127,-2.067,-1.915,-1.926,-2.029,-2.144,-2.013,-2.111,-1.937,-2.296,-2.351,-2.056,-2.116,-2.34,-2.427,-2.007,-2.144,-2.416,-2.182,-2.269,30.13,30.13,30.16,30.07,"NAN"
"2014-10-27 17:18:00",76,-2.187,-2.176,-2.329,-2.182,-2.013,-2.22,-2.165,-2.908,-2.133,-2.073,-1.915,-1.926,-2.035,-2.155,-2.013,-2.111,-1.937,-2.296,-2.351,-2.056,-2.133,-2.34,-2.427,-2.013,-2.144,-2.416,-2.187,-2.269,30.07,30.06,30.12,30,"NAN"
"2014-10-27 17:19:00",77,-2.187,-2.176,-2.34,-2.187,-2.018,-2.22,-2.165,-2.908,-2.144,-2.078,-1.931,-1.937,-2.046,-2.155,-2.013,-2.111,-1.937,-2.302,-2.351,-2.056,-2.133,-2.34,-2.427,-2.024,-2.144,-2.422,-2.193,-2.275,30,29.98,30.04,29.92,"NAN"
"2014-10-27 17:20:00",78,-2.187,-2.187,-2.34,-2.187,-2.024,-2.231,-2.165,-2.908,-2.144,-2.078,-1.937,-1.937,-2.046,-2.155,-2.013,-2.111,-1.958,-2.307,-2.362,-2.056,-2.133,-2.351,-2.427,-2.024,-2.144,-2.422,-2.198,-2.275,29.93,29.92,29.98,29.86,"NAN"
"2014-10-27 17:21:00",79,-2.198,-2.187,-2.34,-2.187,-2.024,-2.242,-2.176,-2.919,-2.144,-2.078,-1.937,-1.937,-2.046,-2.155,-2.013,-2.122,-1.958,-2.313,-2.362,-2.067,-2.133,-2.351,-2.427,-2.024,-2.144,-2.427,-2.198,-2.285,29.86,29.83,29.89,29.77,"NAN"
"2014-10-27 17:22:00",80,-2.198,-2.187,-2.34,-2.187,-2.024,-2.242,-2.176,-2.919,-2.144,-2.078,-1.937,-1.937,-2.046,-2.155,-2.018,-2.122,-1.958,-2.318,-2.384,-2.067,-2.133,-2.351,-2.438,-2.035,-2.155,-2.427,-2.198,-2.285,29.78,29.77,29.81,29.71,"NAN"
"2014-10-27 17:23:00",81,-2.198,-2.187,-2.345,-2.193,-2.024,-2.242,-2.176,-2.919,-2.144,-2.089,-1.947,-1.937,-2.046,-2.16,-2.024,-2.122,-1.958,-2.318,-2.384,-2.067,-2.133,-2.351,-2.449,-2.035,-2.155,-2.438,-2.204,-2.285,29.71,29.68,29.74,29.63,"NAN"
"2014-10-27 17:24:00",82,-2.198,-2.198,-2.362,-2.198,-2.035,-2.242,-2.176,-2.919,-2.149,-2.095,-1.947,-1.947,-2.056,-2.165,-2.024,-2.122,-1.958,-2.324,-2.384,-2.067,-2.144,-2.362,-2.449,-2.035,-2.155,-2.438,-2.209,-2.285,29.64,29.59,29.67,29.55,"NAN"
"2014-10-27 17:25:00",83,-2.209,-2.204,-2.362,-2.198,-2.035,-2.253,-2.187,-2.925,-2.155,-2.095,-1.947,-1.958,-2.056,-2.165,-2.024,-2.122,-1.964,-2.329,-2.384,-2.089,-2.144,-2.373,-2.449,-2.035,-2.16,-2.438,-2.209,-2.285,29.55,29.52,29.58,29.47,"NAN"
"2014-10-27 17:26:00",84,-2.209,-2.209,-2.362,-2.198,-2.035,-2.253,-2.198,-2.941,-2.16,-2.1,-1.947,-1.958,-2.062,-2.165,-2.029,-2.144,-1.969,-2.329,-2.389,-2.089,-2.144,-2.373,-2.46,-2.035,-2.176,-2.438,-2.209,-2.296,29.46,29.44,29.5,29.38,"NAN"
"2014-10-27 17:27:00",85,-2.209,-2.209,-2.362,-2.209,-2.035,-2.253,-2.198,-2.941,-2.16,-2.111,-1.947,-1.958,-2.067,-2.171,-2.04,-2.144,-1.969,-2.335,-2.395,-2.089,-2.155,-2.373,-2.46,-2.035,-2.176,-2.449,-2.209,-2.296,29.38,29.35,29.41,29.29,"NAN"
"2014-10-27 17:28:00",86,-2.215,-2.22,-2.362,-2.22,-2.035,-2.253,-2.198,-2.941,-2.165,-2.111,-1.947,-1.964,-2.067,-2.182,-2.046,-2.144,-1.969,-2.335,-2.395,-2.089,-2.155,-2.373,-2.46,-2.046,-2.176,-2.449,-2.215,-2.296,29.29,29.26,29.32,29.2,"NAN"
"2014-10-27 17:29:00",87,-2.225,-2.22,-2.373,-2.22,-2.046,-2.264,-2.198,-2.941,-2.176,-2.111,-1.958,-1.969,-2.073,-2.182,-2.046,-2.144,-1.986,-2.335,-2.395,-2.089,-2.16,-2.373,-2.46,-2.056,-2.176,-2.449,-2.22,-2.318,29.2,29.17,29.23,29.12,"NAN"
"2014-10-27 17:30:00",88,-2.231,-2.22,-2.373,-2.22,-2.056,-2.264,-2.209,-2.952,-2.176,-2.111,-1.969,-1.969,-2.078,-2.187,-2.046,-2.149,-1.991,-2.351,-2.395,-2.1,-2.165,-2.384,-2.46,-2.056,-2.176,-2.449,-2.225,-2.318,29.13,29.1,29.16,29.03,"NAN"
"2014-10-27 17:31:00",89,-2.231,-2.22,-2.373,-2.22,-2.056,-2.275,-2.209,-2.952,-2.176,-2.111,-1.969,-1.969,-2.078,-2.187,-2.046,-2.155,-1.991,-2.351,-2.406,-2.1,-2.165,-2.384,-2.466,-2.056,-2.187,-2.455,-2.225,-2.318,29.03,29,29.06,28.96,"NAN"
"2014-10-27 17:32:00",90,-2.231,-2.231,-2.373,-2.231,-2.056,-2.275,-2.209,-2.952,-2.176,-2.122,-1.98,-1.969,-2.078,-2.198,-2.056,-2.155,-1.991,-2.351,-2.411,-2.1,-2.165,-2.384,-2.476,-2.067,-2.187,-2.471,-2.236,-2.318,28.96,28.9,28.97,28.85,"NAN"
"2014-10-27 17:33:00",91,-2.231,-2.231,-2.384,-2.231,-2.067,-2.275,-2.22,-2.952,-2.182,-2.122,-1.98,-1.975,-2.078,-2.198,-2.056,-2.155,-1.991,-2.362,-2.416,-2.1,-2.176,-2.389,-2.482,-2.067,-2.187,-2.471,-2.242,-2.318,28.87,28.82,28.9,28.78,"NAN"
"2014-10-27 17:34:00",92,-2.242,-2.231,-2.389,-2.231,-2.067,-2.285,-2.22,-2.957,-2.187,-2.122,-1.98,-1.991,-2.089,-2.198,-2.056,-2.155,-1.991,-2.362,-2.416,-2.1,-2.176,-2.395,-2.482,-2.067,-2.187,-2.471,-2.242,-2.324,28.76,28.74,28.81,28.68,"NAN"
"2014-10-27 17:35:00",93,-2.242,-2.231,-2.395,-2.231,-2.067,-2.285,-2.225,-2.952,-2.193,-2.133,-1.98,-1.991,-2.089,-2.198,-2.062,-2.165,-1.996,-2.362,-2.416,-2.122,-2.176,-2.406,-2.493,-2.067,-2.198,-2.482,-2.242,-2.329,28.69,28.65,28.72,28.6,"NAN"
"2014-10-27 17:36:00",94,-2.242,-2.242,-2.395,-2.242,-2.067,-2.285,-2.231,-2.963,-2.193,-2.133,-1.98,-1.991,-2.1,-2.198,-2.073,-2.176,-2.002,-2.362,-2.416,-2.122,-2.176,-2.406,-2.493,-2.073,-2.209,-2.482,-2.242,-2.329,28.6,28.56,28.63,28.52,"NAN"
"2014-10-27 17:37:00",95,-2.242,-2.253,-2.395,-2.242,-2.067,-2.285,-2.231,-2.963,-2.198,-2.144,-1.98,-2.002,-2.1,-2.215,-2.078,-2.176,-2.002,-2.367,-2.427,-2.122,-2.187,-2.406,-2.493,-2.084,-2.209,-2.482,-2.253,-2.329,28.52,28.47,28.56,28.42,"NAN"
"2014-10-27 17:38:00",96,-2.247,-2.247,-2.406,-2.253,-2.078,-2.296,-2.231,-2.974,-2.209,-2.144,-1.991,-2.002,-2.111,-2.209,-2.078,-2.176,-2.007,-2.367,-2.427,-2.122,-2.193,-2.406,-2.493,-2.089,-2.209,-2.482,-2.253,-2.329,28.43,28.39,28.47,28.34,"NAN"
"2014-10-27 17:39:00",97,-2.264,-2.253,-2.406,-2.253,-2.078,-2.296,-2.236,-2.985,-2.209,-2.149,-2.002,-2.002,-2.111,-2.215,-2.078,-2.176,-2.018,-2.378,-2.427,-2.127,-2.198,-2.416,-2.493,-2.089,-2.209,-2.482,-2.253,-2.345,28.34,28.3,28.39,28.27,"NAN"
"2014-10-27 17:40:00",98,-2.264,-2.253,-2.406,-2.253,-2.089,-2.296,-2.242,-2.985,-2.209,-2.149,-2.002,-2.002,-2.111,-2.215,-2.078,-2.187,-2.024,-2.378,-2.438,-2.133,-2.198,-2.416,-2.493,-2.089,-2.22,-2.482,-2.253,-2.351,28.29,28.21,28.3,28.19,"NAN"
"2014-10-27 17:41:00",99,-2.264,-2.258,-2.406,-2.258,-2.089,-2.302,-2.242,-2.985,-2.209,-2.155,-2.007,-2.002,-2.111,-2.225,-2.089,-2.187,-2.024,-2.378,-2.438,-2.133,-2.198,-2.416,-2.504,-2.1,-2.22,-2.493,-2.253,-2.351,28.19,28.13,28.22,28.1,"NAN"
"2014-10-27 17:42:00",100,-2.275,-2.264,-2.416,-2.264,-2.095,-2.307,-2.242,-2.985,-2.209,-2.155,-2.013,-2.002,-2.111,-2.231,-2.089,-2.187,-2.024,-2.395,-2.438,-2.133,-2.198,-2.422,-2.504,-2.1,-2.22,-2.498,-2.264,-2.351,28.12,28.06,28.13,28.02,"NAN"
"2014-10-27 17:43:00",101,-2.275,-2.264,-2.416,-2.264,-2.1,-2.318,-2.253,-2.985,-2.22,-2.155,-2.013,-2.013,-2.122,-2.231,-2.089,-2.187,-2.029,-2.395,-2.444,-2.138,-2.209,-2.422,-2.504,-2.1,-2.22,-2.504,-2.269,-2.356,28.03,27.96,28.07,27.93,"NAN"
"2014-10-27 17:44:00",102,-2.275,-2.264,-2.416,-2.264,-2.1,-2.318,-2.253,-2.99,-2.22,-2.165,-2.013,-2.024,-2.122,-2.231,-2.089,-2.187,-2.035,-2.395,-2.449,-2.149,-2.209,-2.427,-2.515,-2.1,-2.22,-2.504,-2.269,-2.362,27.95,27.89,27.96,27.85,"NAN"
"2014-10-27 17:45:00",103,-2.275,-2.264,-2.416,-2.269,-2.1,-2.318,-2.253,-2.996,-2.22,-2.165,-2.013,-2.024,-2.133,-2.231,-2.095,-2.204,-2.035,-2.395,-2.449,-2.155,-2.209,-2.427,-2.526,-2.1,-2.242,-2.515,-2.275,-2.362,27.86,27.8,27.87,27.77,"NAN"
"2014-10-27 17:46:00",104,-2.275,-2.28,-2.433,-2.275,-2.1,-2.318,-2.253,-2.996,-2.225,-2.165,-2.013,-2.035,-2.133,-2.236,-2.111,-2.209,-2.035,-2.4,-2.46,-2.155,-2.209,-2.438,-2.526,-2.111,-2.242,-2.515,-2.28,-2.362,27.77,27.73,27.79,27.68,"NAN"
"2014-10-27 17:47:00",105,-2.275,-2.285,-2.433,-2.275,-2.106,-2.329,-2.264,-3.001,-2.236,-2.176,-2.018,-2.035,-2.133,-2.242,-2.111,-2.209,-2.04,-2.395,-2.46,-2.155,-2.215,-2.438,-2.526,-2.111,-2.242,-2.515,-2.285,-2.362,27.69,27.63,27.72,27.62,"NAN"
"2014-10-27 17:48:00",106,-2.275,-2.285,-2.438,-2.275,-2.116,-2.329,-2.269,-3.007,-2.236,-2.176,-2.029,-2.035,-2.144,-2.242,-2.111,-2.209,-2.051,-2.406,-2.46,-2.155,-2.231,-2.438,-2.526,-2.122,-2.242,-2.515,-2.285,-2.373,27.61,27.56,27.65,27.54,"NAN"
"2014-10-27 17:49:00",107,-2.285,-2.285,-2.438,-2.28,-2.122,-2.329,-2.275,-3.007,-2.242,-2.176,-2.035,-2.035,-2.144,-2.242,-2.111,-2.22,-2.056,-2.411,-2.46,-2.165,-2.231,-2.449,-2.526,-2.122,-2.247,-2.515,-2.285,-2.373,27.54,27.48,27.56,27.45,"NAN"
"2014-10-27 17:50:00",108,-2.296,-2.285,-2.438,-2.285,-2.122,-2.329,-2.275,-3.012,-2.242,-2.187,-2.035,-2.035,-2.144,-2.247,-2.111,-2.22,-2.056,-2.411,-2.471,-2.165,-2.231,-2.449,-2.537,-2.122,-2.253,-2.515,-2.285,-2.378,27.46,27.39,27.48,27.36,"NAN"
"2014-10-27 17:51:00",109,-2.296,-2.296,-2.438,-2.296,-2.122,-2.329,-2.275,-3.018,-2.242,-2.187,-2.046,-2.035,-2.144,-2.258,-2.122,-2.22,-2.056,-2.422,-2.471,-2.165,-2.231,-2.449,-2.537,-2.133,-2.253,-2.526,-2.296,-2.384,27.38,27.32,27.39,27.29,"NAN"
"2014-10-27 17:52:00",110,-2.296,-2.296,-2.449,-2.296,-2.122,-2.345,-2.285,-3.018,-2.247,-2.187,-2.046,-2.04,-2.144,-2.258,-2.122,-2.22,-2.056,-2.422,-2.471,-2.165,-2.231,-2.449,-2.537,-2.133,-2.253,-2.526,-2.296,-2.384,27.29,27.24,27.32,27.21,"NAN"
"2014-10-27 17:53:00",111,-2.307,-2.296,-2.449,-2.296,-2.133,-2.351,-2.285,-3.018,-2.253,-2.187,-2.046,-2.056,-2.155,-2.258,-2.122,-2.22,-2.056,-2.427,-2.471,-2.165,-2.242,-2.46,-2.537,-2.133,-2.253,-2.526,-2.296,-2.384,27.21,27.17,27.24,27.14,"NAN"
"2014-10-27 17:54:00",112,-2.307,-2.296,-2.449,-2.296,-2.133,-2.351,-2.285,-3.028,-2.253,-2.198,-2.046,-2.056,-2.155,-2.264,-2.122,-2.231,-2.062,-2.427,-2.476,-2.182,-2.242,-2.46,-2.547,-2.133,-2.253,-2.531,-2.302,-2.389,27.15,27.08,27.17,27.06,"NAN"
"2014-10-27 17:55:00",113,-2.307,-2.296,-2.449,-2.307,-2.133,-2.351,-2.285,-3.028,-2.258,-2.198,-2.046,-2.056,-2.16,-2.264,-2.122,-2.231,-2.067,-2.427,-2.476,-2.187,-2.242,-2.46,-2.553,-2.133,-2.264,-2.542,-2.302,-2.395,27.06,27,27.08,26.97,"NAN"
"2014-10-27 17:56:00",114,-2.307,-2.307,-2.46,-2.307,-2.133,-2.351,-2.285,-3.028,-2.269,-2.198,-2.046,-2.056,-2.165,-2.275,-2.133,-2.231,-2.067,-2.427,-2.493,-2.187,-2.242,-2.466,-2.558,-2.138,-2.275,-2.547,-2.313,-2.395,26.99,26.93,27.01,26.89,"NAN"
"2014-10-27 17:57:00",115,-2.307,-2.307,-2.466,-2.307,-2.133,-2.362,-2.285,-3.028,-2.269,-2.198,-2.051,-2.067,-2.165,-2.275,-2.144,-2.242,-2.067,-2.427,-2.493,-2.187,-2.242,-2.471,-2.558,-2.144,-2.275,-2.547,-2.318,-2.395,26.93,26.83,26.94,26.83,"NAN"
"2014-10-27 17:58:00",116,-2.318,-2.313,-2.471,-2.307,-2.144,-2.362,-2.296,-3.039,-2.269,-2.198,-2.067,-2.067,-2.165,-2.275,-2.144,-2.242,-2.078,-2.438,-2.493,-2.187,-2.258,-2.476,-2.558,-2.155,-2.275,-2.547,-2.318,-2.395,26.83,26.78,26.86,26.75,"NAN"
"2014-10-27 17:59:00",117,-2.318,-2.313,-2.471,-2.307,-2.149,-2.362,-2.302,-3.039,-2.275,-2.209,-2.067,-2.067,-2.176,-2.275,-2.144,-2.253,-2.078,-2.438,-2.493,-2.193,-2.264,-2.482,-2.558,-2.155,-2.275,-2.547,-2.318,-2.406,26.76,26.71,26.78,26.67,"NAN"
"2014-10-27 18:00:00",118,-2.318,-2.318,-2.471,-2.313,-2.155,-2.362,-2.307,-3.039,-2.275,-2.22,-2.067,-2.067,-2.176,-2.275,-2.144,-2.253,-2.078,-2.438,-2.504,-2.198,-2.264,-2.482,-2.558,-2.155,-2.285,-2.547,-2.318,-2.406,26.68,26.61,26.72,26.58,"NAN"
"2014-10-27 18:01:00",119,-2.318,-2.329,-2.471,-2.329,-2.155,-2.362,-2.307,-3.039,-2.275,-2.22,-2.067,-2.067,-2.176,-2.285,-2.155,-2.253,-2.089,-2.449,-2.504,-2.198,-2.264,-2.482,-2.569,-2.165,-2.285,-2.547,-2.324,-2.406,26.61,26.53,26.61,26.53,"NAN"
"2014-10-27 18:02:00",120,-2.335,-2.329,-2.471,-2.329,-2.155,-2.367,-2.307,-3.039,-2.275,-2.22,-2.078,-2.067,-2.176,-2.285,-2.155,-2.253,-2.089,-2.455,-2.504,-2.198,-2.264,-2.482,-2.569,-2.165,-2.285,-2.558,-2.329,-2.416,26.54,26.46,26.56,26.45,"NAN"
"2014-10-27 18:15:00",0,-2.373,-2.362,-2.515,-2.362,-2.198,-2.405,-2.351,-3.083,-2.318,-2.264,-2.111,-2.116,-2.22,-2.318,-2.187,-2.285,-2.122,-2.487,-2.536,-2.231,-2.307,-2.525,-2.602,-2.198,-2.318,-2.591,-2.362,-2.449,25.63,25.55,25.64,25.53,"NAN"
"2014-10-27 18:30:00",1,-2.405,-2.4,-2.547,-2.405,-2.23,-2.438,-2.383,-3.116,-2.35,-2.296,-2.143,-2.154,-2.252,-2.361,-2.225,-2.329,-2.165,-2.52,-2.58,-2.28,-2.34,-2.558,-2.645,-2.23,-2.361,-2.634,-2.405,-2.492,24.64,24.58,24.66,24.58,"NAN"
"2014-10-27 18:45:00",2,-2.443,-2.427,-2.58,-2.438,-2.263,-2.487,-2.416,-3.154,-2.394,-2.329,-2.176,-2.192,-2.285,-2.394,-2.263,-2.361,-2.198,-2.552,-2.612,-2.318,-2.372,-2.591,-2.678,-2.269,-2.394,-2.667,-2.438,-2.525,23.76,23.69,23.76,23.69,"NAN"
"2014-10-27 19:00:00",3,-2.481,-2.465,-2.612,-2.46,-2.296,-2.514,-2.449,-3.192,-2.427,-2.361,-2.209,-2.225,-2.318,-2.427,-2.296,-2.394,-2.23,-2.591,-2.645,-2.35,-2.405,-2.623,-2.711,-2.296,-2.427,-2.7,-2.471,-2.558,22.93,22.88,22.93,22.88,"NAN"
"2014-10-27 19:15:00",4,-2.496,-2.491,-2.644,-2.491,-2.327,-2.545,-2.48,-3.207,-2.453,-2.398,-2.24,-2.251,-2.349,-2.458,-2.327,-2.425,-2.262,-2.611,-2.677,-2.382,-2.436,-2.655,-2.742,-2.327,-2.458,-2.731,-2.502,-2.584,22.17,22.13,22.19,22.14,"NAN"
"2014-10-27 19:30:00",5,-2.524,-2.524,-2.677,-2.524,-2.36,-2.568,-2.513,-3.235,-2.48,-2.42,-2.273,-2.284,-2.382,-2.486,-2.349,-2.459,-2.284,-2.644,-2.699,-2.409,-2.469,-2.682,-2.764,-2.36,-2.491,-2.754,-2.519,-2.611,21.49,21.43,21.48,21.46,"NAN"
"2014-10-27 19:45:00",6,-2.555,-2.544,-2.697,-2.555,-2.38,-2.599,-2.533,-3.266,-2.5,-2.446,-2.304,-2.304,-2.402,-2.5,-2.38,-2.467,-2.304,-2.67,-2.719,-2.424,-2.484,-2.708,-2.784,-2.386,-2.511,-2.773,-2.544,-2.631,20.84,20.78,20.83,20.8,"NAN"
"2014-10-27 20:00:00",7,-2.587,-2.57,-2.718,-2.565,-2.401,-2.62,-2.554,-3.276,-2.521,-2.478,-2.325,-2.325,-2.423,-2.532,-2.396,-2.499,-2.336,-2.685,-2.751,-2.456,-2.51,-2.729,-2.805,-2.407,-2.532,-2.805,-2.576,-2.663,20.23,20.19,20.23,20.2,"NAN"
"2014-10-27 20:15:00",8,-2.596,-2.585,-2.744,-2.585,-2.422,-2.64,-2.585,-3.308,-2.553,-2.498,-2.345,-2.356,-2.443,-2.547,-2.422,-2.52,-2.356,-2.711,-2.771,-2.476,-2.531,-2.744,-2.826,-2.427,-2.553,-2.815,-2.591,-2.684,19.68,19.63,19.66,19.65,"NAN"
"2014-10-27 20:30:00",9,-2.617,-2.617,-2.759,-2.617,-2.443,-2.656,-2.596,-3.318,-2.563,-2.514,-2.366,-2.377,-2.464,-2.568,-2.443,-2.53,-2.366,-2.727,-2.781,-2.486,-2.541,-2.77,-2.847,-2.443,-2.574,-2.847,-2.612,-2.705,19.15,19.12,19.14,19.13,"NAN"
"2014-10-27 20:45:00",10,-2.64,-2.629,-2.782,-2.629,-2.465,-2.684,-2.618,-3.34,-2.585,-2.542,-2.389,-2.389,-2.476,-2.591,-2.46,-2.564,-2.4,-2.749,-2.815,-2.52,-2.564,-2.793,-2.864,-2.465,-2.596,-2.859,-2.64,-2.717,18.69,18.64,18.66,18.64,"NAN"
"2014-10-27 21:00:00",11,-2.662,-2.651,-2.798,-2.651,-2.487,-2.7,-2.634,-3.362,-2.607,-2.558,-2.4,-2.41,-2.498,-2.607,-2.481,-2.574,-2.41,-2.76,-2.826,-2.531,-2.591,-2.804,-2.891,-2.487,-2.618,-2.88,-2.651,-2.738,18.22,18.19,18.21,18.19,"NAN"
"2014-10-27 21:15:00",12,-2.672,-2.661,-2.814,-2.661,-2.497,-2.716,-2.661,-3.367,-2.629,-2.574,-2.421,-2.426,-2.514,-2.623,-2.497,-2.596,-2.432,-2.787,-2.847,-2.552,-2.607,-2.814,-2.902,-2.497,-2.629,-2.891,-2.672,-2.749,17.8,17.78,17.78,17.78,"NAN"
"2014-10-27 21:30:00",13,-2.694,-2.677,-2.825,-2.677,-2.519,-2.732,-2.666,-3.394,-2.639,-2.59,-2.431,-2.442,-2.535,-2.639,-2.513,-2.606,-2.442,-2.792,-2.858,-2.563,-2.617,-2.836,-2.923,-2.513,-2.65,-2.912,-2.683,-2.77,17.4,17.38,17.38,17.38,"NAN"
"2014-10-27 21:45:00",14,-2.705,-2.694,-2.848,-2.7,-2.531,-2.749,-2.689,-3.401,-2.656,-2.607,-2.454,-2.46,-2.541,-2.651,-2.52,-2.623,-2.465,-2.804,-2.88,-2.585,-2.64,-2.848,-2.924,-2.536,-2.662,-2.924,-2.7,-2.782,17.03,17.01,17.01,17,"NAN"
"2014-10-27 22:00:00",15,-2.726,-2.71,-2.857,-2.704,-2.535,-2.759,-2.693,-3.416,-2.671,-2.622,-2.464,-2.475,-2.551,-2.666,-2.529,-2.633,-2.475,-2.824,-2.89,-2.595,-2.639,-2.868,-2.945,-2.54,-2.682,-2.945,-2.715,-2.803,16.68,16.67,16.66,16.65,"NAN"
"2014-10-27 22:15:00",16,-2.736,-2.725,-2.878,-2.725,-2.55,-2.78,-2.709,-3.426,-2.67,-2.632,-2.474,-2.485,-2.572,-2.681,-2.55,-2.638,-2.485,-2.834,-2.911,-2.61,-2.66,-2.873,-2.955,-2.561,-2.687,-2.955,-2.725,-2.813,16.35,16.34,16.32,16.32,"NAN"
"2014-10-27 22:30:00",17,-2.741,-2.736,-2.889,-2.736,-2.561,-2.79,-2.725,-3.436,-2.692,-2.648,-2.495,-2.501,-2.583,-2.697,-2.561,-2.659,-2.495,-2.845,-2.916,-2.615,-2.67,-2.883,-2.965,-2.572,-2.697,-2.965,-2.746,-2.823,16.05,16.03,16.02,16.02,"NAN"
"2014-10-27 22:45:00",18,-2.762,-2.751,-2.888,-2.746,-2.582,-2.79,-2.735,-3.447,-2.702,-2.658,-2.495,-2.505,-2.598,-2.697,-2.571,-2.669,-2.505,-2.861,-2.921,-2.626,-2.675,-2.899,-2.987,-2.571,-2.713,-2.976,-2.746,-2.844,15.75,15.73,15.71,15.71,"NAN"
"2014-10-27 23:00:00",19,-2.767,-2.756,-2.909,-2.767,-2.581,-2.811,-2.745,-3.468,-2.707,-2.669,-2.516,-2.516,-2.603,-2.713,-2.581,-2.674,-2.516,-2.866,-2.942,-2.647,-2.691,-2.909,-2.986,-2.592,-2.724,-2.986,-2.756,-2.844,15.48,15.46,15.45,15.44,"NAN"
"2014-10-27 23:15:00",20,-2.778,-2.767,-2.92,-2.767,-2.592,-2.822,-2.756,-3.474,-2.718,-2.68,-2.527,-2.538,-2.614,-2.723,-2.592,-2.691,-2.532,-2.877,-2.942,-2.647,-2.702,-2.92,-2.997,-2.603,-2.723,-2.997,-2.773,-2.855,15.22,15.21,15.2,15.2,"NAN"
"2014-10-27 23:30:00",21,-2.788,-2.783,-2.919,-2.777,-2.608,-2.821,-2.766,-3.478,-2.733,-2.69,-2.526,-2.537,-2.613,-2.728,-2.597,-2.701,-2.537,-2.881,-2.952,-2.657,-2.706,-2.93,-3.012,-2.602,-2.744,-3.001,-2.777,-2.876,14.98,14.97,14.94,14.94,"NAN"
"2014-10-27 23:45:00",22,-2.799,-2.788,-2.93,-2.777,-2.613,-2.832,-2.777,-3.478,-2.733,-2.695,-2.537,-2.548,-2.635,-2.739,-2.613,-2.701,-2.548,-2.897,-2.963,-2.673,-2.717,-2.936,-3.018,-2.619,-2.755,-3.018,-2.788,-2.876,14.74,14.75,14.71,14.71,"NAN"
"2014-10-28 00:00:00",23,-2.799,-2.799,-2.941,-2.799,-2.624,-2.848,-2.777,-3.489,-2.744,-2.711,-2.558,-2.564,-2.635,-2.744,-2.624,-2.711,-2.547,-2.908,-2.968,-2.679,-2.733,-2.941,-3.029,-2.635,-2.755,-3.029,-2.788,-2.875,14.53,14.52,14.49,14.5,"NAN"
"2014-10-28 00:15:00",24,-2.81,-2.799,-2.952,-2.799,-2.624,-2.854,-2.788,-3.511,-2.761,-2.717,-2.558,-2.569,-2.646,-2.755,-2.624,-2.722,-2.564,-2.908,-2.985,-2.679,-2.733,-2.952,-3.029,-2.635,-2.766,-3.029,-2.804,-2.886,14.33,14.33,14.28,14.28,"NAN"
"2014-10-28 00:30:00",25,-2.832,-2.81,-2.952,-2.81,-2.641,-2.865,-2.799,-3.511,-2.766,-2.728,-2.564,-2.575,-2.646,-2.755,-2.635,-2.734,-2.57,-2.909,-2.991,-2.69,-2.745,-2.958,-3.04,-2.635,-2.777,-3.029,-2.81,-2.903,14.14,14.14,14.09,14.09,"NAN"
"2014-10-28 00:45:00",26,-2.832,-2.815,-2.963,-2.815,-2.646,-2.864,-2.81,-3.516,-2.766,-2.728,-2.575,-2.58,-2.668,-2.772,-2.646,-2.733,-2.58,-2.925,-2.996,-2.7,-2.744,-2.974,-3.051,-2.646,-2.788,-3.051,-2.821,-2.908,13.95,13.96,13.9,13.92,"NAN"
"2014-10-28 01:00:00",27,-2.832,-2.826,-2.968,-2.821,-2.657,-2.864,-2.81,-3.522,-2.777,-2.733,-2.58,-2.591,-2.668,-2.771,-2.657,-2.744,-2.58,-2.941,-3.001,-2.711,-2.755,-2.974,-3.056,-2.668,-2.788,-3.051,-2.821,-2.914,13.78,13.78,13.74,13.75,"NAN"
"2014-10-28 01:15:00",28,-2.843,-2.832,-2.985,-2.832,-2.657,-2.886,-2.81,-3.533,-2.777,-2.744,-2.591,-2.597,-2.679,-2.782,-2.657,-2.744,-2.591,-2.941,-3.018,-2.711,-2.766,-2.985,-3.061,-2.668,-2.788,-3.061,-2.832,-2.919,13.62,13.63,13.57,13.59,"NAN"
"2014-10-28 01:30:00",29,-2.843,-2.832,-2.985,-2.837,-2.657,-2.886,-2.832,-3.533,-2.793,-2.755,-2.591,-2.602,-2.679,-2.788,-2.657,-2.761,-2.602,-2.941,-3.018,-2.722,-2.766,-2.985,-3.067,-2.668,-2.799,-3.061,-2.837,-2.93,13.47,13.47,13.41,13.42,"NAN"
"2014-10-28 01:45:00",30,-2.854,-2.843,-2.985,-2.843,-2.679,-2.897,-2.832,-3.544,-2.799,-2.761,-2.591,-2.613,-2.679,-2.793,-2.668,-2.766,-2.602,-2.952,-3.029,-2.722,-2.777,-2.985,-3.072,-2.673,-2.81,-3.061,-2.854,-2.93,13.32,13.33,13.27,13.27,"NAN"
"2014-10-28 02:00:00",31,-2.859,-2.843,-2.996,-2.843,-2.679,-2.897,-2.843,-3.549,-2.804,-2.761,-2.602,-2.613,-2.689,-2.804,-2.668,-2.766,-2.613,-2.952,-3.029,-2.733,-2.777,-2.99,-3.072,-2.679,-2.815,-3.072,-2.854,-2.941,13.17,13.18,13.13,13.13,"NAN"
"2014-10-28 02:15:00",32,-2.864,-2.864,-2.996,-2.854,-2.679,-2.897,-2.843,-3.555,-2.81,-2.771,-2.608,-2.613,-2.7,-2.804,-2.679,-2.777,-2.613,-2.957,-3.029,-2.744,-2.782,-3.007,-3.094,-2.684,-2.821,-3.083,-2.854,-2.941,13.04,13.05,13,13,"NAN"
"2014-10-28 02:30:00",33,-2.875,-2.864,-3.007,-2.854,-2.689,-2.914,-2.843,-3.555,-2.81,-2.777,-2.624,-2.629,-2.7,-2.81,-2.689,-2.777,-2.613,-2.968,-3.034,-2.744,-2.799,-3.007,-3.094,-2.7,-2.821,-3.094,-2.864,-2.947,12.91,12.92,12.86,12.87,"NAN"
"2014-10-28 02:45:00",34,-2.875,-2.864,-3.018,-2.854,-2.689,-2.914,-2.843,-3.566,-2.815,-2.777,-2.624,-2.629,-2.711,-2.815,-2.689,-2.777,-2.618,-2.968,-3.045,-2.744,-2.799,-3.012,-3.094,-2.7,-2.821,-3.094,-2.864,-2.952,12.8,12.82,12.75,12.76,"NAN"
"2014-10-28 03:00:00",35,-2.881,-2.875,-3.018,-2.875,-2.689,-2.919,-2.859,-3.566,-2.826,-2.793,-2.624,-2.635,-2.711,-2.815,-2.689,-2.788,-2.635,-2.974,-3.051,-2.755,-2.799,-3.018,-3.105,-2.7,-2.832,-3.094,-2.864,-2.952,12.68,12.7,12.64,12.64,"NAN"
"2014-10-28 03:15:00",36,-2.886,-2.875,-3.018,-2.875,-2.706,-2.93,-2.864,-3.566,-2.826,-2.793,-2.624,-2.635,-2.711,-2.815,-2.7,-2.793,-2.635,-2.974,-3.056,-2.755,-2.799,-3.018,-3.105,-2.7,-2.837,-3.094,-2.875,-2.963,12.57,12.59,12.52,12.52,"NAN"
"2014-10-28 03:30:00",37,-2.886,-2.875,-3.018,-2.875,-2.706,-2.93,-2.864,-3.571,-2.832,-2.793,-2.629,-2.646,-2.711,-2.832,-2.7,-2.799,-2.635,-2.985,-3.061,-2.755,-2.81,-3.018,-3.105,-2.711,-2.843,-3.1,-2.886,-2.963,12.47,12.49,12.41,12.43,"NAN"
"2014-10-28 03:45:00",38,-2.886,-2.881,-3.029,-2.886,-2.711,-2.93,-2.875,-3.577,-2.837,-2.793,-2.635,-2.646,-2.722,-2.832,-2.7,-2.799,-2.646,-2.985,-3.061,-2.766,-2.81,-3.023,-3.105,-2.711,-2.843,-3.105,-2.886,-2.968,12.37,12.39,12.33,12.33,"NAN"
"2014-10-28 04:00:00",39,-2.897,-2.886,-3.029,-2.886,-2.711,-2.93,-2.875,-3.588,-2.843,-2.799,-2.635,-2.646,-2.733,-2.837,-2.7,-2.81,-2.646,-2.985,-3.061,-2.777,-2.81,-3.04,-3.105,-2.711,-2.854,-3.105,-2.886,-2.974,12.29,12.31,12.23,12.24,"NAN"
"2014-10-28 04:15:00",40,-2.897,-2.892,-3.029,-2.886,-2.722,-2.941,-2.875,-3.588,-2.843,-2.804,-2.646,-2.657,-2.733,-2.832,-2.711,-2.81,-2.646,-2.996,-3.061,-2.777,-2.81,-3.04,-3.122,-2.722,-2.854,-3.116,-2.892,-2.974,12.19,12.23,12.14,12.15,"NAN"
"2014-10-28 04:30:00",41,-2.908,-2.892,-3.029,-2.886,-2.722,-2.941,-2.875,-3.593,-2.843,-2.81,-2.657,-2.657,-2.733,-2.848,-2.722,-2.81,-2.646,-2.996,-3.067,-2.777,-2.821,-3.04,-3.127,-2.733,-2.854,-3.122,-2.897,-2.985,12.11,12.14,12.06,12.07,"NAN"
"2014-10-28 04:45:00",42,-2.908,-2.897,-3.045,-2.886,-2.722,-2.941,-2.875,-3.599,-2.843,-2.815,-2.657,-2.657,-2.744,-2.848,-2.722,-2.81,-2.646,-3.001,-3.078,-2.777,-2.832,-3.051,-3.127,-2.733,-2.854,-3.127,-2.897,-2.985,12.04,12.06,11.98,12,"NAN"
"2014-10-28 05:00:00",43,-2.908,-2.897,-3.051,-2.886,-2.722,-2.947,-2.886,-3.599,-2.854,-2.815,-2.657,-2.668,-2.744,-2.848,-2.722,-2.81,-2.651,-3.007,-3.083,-2.777,-2.832,-3.051,-3.127,-2.733,-2.859,-3.127,-2.897,-2.985,11.97,11.99,11.9,11.93,"NAN"
"2014-10-28 05:15:00",44,-2.908,-2.897,-3.051,-2.892,-2.722,-2.947,-2.886,-3.599,-2.854,-2.821,-2.657,-2.668,-2.744,-2.848,-2.722,-2.815,-2.668,-3.007,-3.083,-2.788,-2.832,-3.051,-3.127,-2.733,-2.864,-3.127,-2.897,-2.99,11.9,11.92,11.84,11.86,"NAN"
"2014-10-28 05:30:00",45,-2.919,-2.908,-3.051,-2.897,-2.722,-2.957,-2.886,-3.599,-2.854,-2.826,-2.657,-2.668,-2.744,-2.848,-2.722,-2.821,-2.668,-3.007,-3.089,-2.788,-2.832,-3.051,-3.138,-2.733,-2.864,-3.127,-2.897,-2.996,11.83,11.86,11.77,11.79,"NAN"
"2014-10-28 05:45:00",46,-2.919,-2.908,-3.051,-2.908,-2.733,-2.963,-2.892,-3.599,-2.854,-2.826,-2.657,-2.668,-2.744,-2.848,-2.728,-2.821,-2.668,-3.018,-3.094,-2.788,-2.832,-3.051,-3.138,-2.733,-2.864,-3.127,-2.903,-2.996,11.76,11.79,11.7,11.73,"NAN"
"2014-10-28 06:00:00",47,-2.919,-2.908,-3.051,-2.908,-2.733,-2.963,-2.903,-3.599,-2.854,-2.826,-2.657,-2.679,-2.744,-2.859,-2.733,-2.832,-2.668,-3.018,-3.094,-2.788,-2.843,-3.051,-3.138,-2.744,-2.87,-3.127,-2.908,-2.996,11.71,11.73,11.65,11.67,"NAN"
"2014-10-28 06:15:00",48,-2.919,-2.908,-3.056,-2.908,-2.739,-2.963,-2.908,-3.599,-2.859,-2.826,-2.668,-2.673,-2.744,-2.859,-2.733,-2.832,-2.668,-3.018,-3.094,-2.788,-2.843,-3.051,-3.138,-2.744,-2.875,-3.138,-2.914,-2.996,11.65,11.68,11.59,11.61,"NAN"
"2014-10-28 06:30:00",49,-2.919,-2.908,-3.061,-2.908,-2.744,-2.963,-2.908,-3.604,-2.859,-2.826,-2.668,-2.679,-2.755,-2.859,-2.733,-2.832,-2.679,-3.018,-3.094,-2.788,-2.843,-3.051,-3.138,-2.744,-2.875,-3.138,-2.914,-2.996,11.6,11.63,11.53,11.55,"NAN"
"2014-10-28 06:45:00",50,-2.919,-2.908,-3.061,-2.919,-2.744,-2.963,-2.908,-3.61,-2.864,-2.826,-2.668,-2.679,-2.755,-2.859,-2.733,-2.832,-2.679,-3.018,-3.094,-2.799,-2.843,-3.056,-3.138,-2.744,-2.886,-3.138,-2.919,-2.996,11.55,11.59,11.49,11.51,"NAN"
"2014-10-28 07:00:00",51,-2.919,-2.908,-3.061,-2.919,-2.744,-2.963,-2.908,-3.61,-2.864,-2.826,-2.668,-2.679,-2.755,-2.859,-2.733,-2.832,-2.679,-3.018,-3.094,-2.799,-2.843,-3.061,-3.138,-2.744,-2.886,-3.138,-2.919,-3.001,11.51,11.55,11.45,11.47,"NAN"
"2014-10-28 07:15:00",52,-2.919,-2.914,-3.061,-2.919,-2.744,-2.963,-2.908,-3.61,-2.864,-2.826,-2.668,-2.679,-2.755,-2.859,-2.733,-2.832,-2.679,-3.018,-3.094,-2.804,-2.843,-3.061,-3.138,-2.744,-2.886,-3.138,-2.919,-3.007,11.48,11.53,11.41,11.44,"NAN"
"2014-10-28 07:30:00",53,-2.919,-2.908,-3.061,-2.919,-2.744,-2.963,-2.908,-3.61,-2.87,-2.826,-2.668,-2.679,-2.755,-2.859,-2.739,-2.837,-2.679,-3.023,-3.094,-2.804,-2.843,-3.061,-3.138,-2.75,-2.886,-3.138,-2.919,-3.007,11.45,11.49,11.39,11.41,"NAN"
"2014-10-28 07:45:00",54,-2.919,-2.919,-3.061,-2.919,-2.744,-2.963,-2.908,-3.61,-2.875,-2.826,-2.668,-2.679,-2.755,-2.859,-2.739,-2.832,-2.679,-3.023,-3.094,-2.799,-2.843,-3.061,-3.138,-2.744,-2.886,-3.138,-2.919,-3.007,11.43,11.49,11.37,11.4,"NAN"
"2014-10-28 08:00:00",55,-2.928,-2.923,-3.065,-2.923,-2.748,-2.966,-2.912,-3.613,-2.879,-2.83,-2.671,-2.682,-2.759,-2.862,-2.748,-2.841,-2.682,-3.021,-3.098,-2.813,-2.846,-3.065,-3.142,-2.748,-2.89,-3.142,-2.923,-3.01,11.43,11.47,11.37,11.39,"NAN"
"2014-10-28 08:15:00",56,-2.924,-2.913,-3.066,-2.924,-2.749,-2.968,-2.913,-3.614,-2.88,-2.831,-2.672,-2.683,-2.76,-2.864,-2.743,-2.842,-2.683,-3.028,-3.099,-2.804,-2.847,-3.066,-3.143,-2.749,-2.891,-3.143,-2.924,-3.011,11.42,11.47,11.37,11.38,"NAN"
"2014-10-28 08:30:00",57,-2.924,-2.918,-3.066,-2.924,-2.749,-2.967,-2.913,-3.614,-2.88,-2.831,-2.672,-2.683,-2.76,-2.864,-2.738,-2.836,-2.683,-3.022,-3.099,-2.803,-2.847,-3.061,-3.143,-2.749,-2.891,-3.143,-2.924,-3.011,11.43,11.46,11.37,11.38,"NAN"
"2014-10-28 08:45:00",58,-2.926,-2.916,-3.069,-2.916,-2.752,-2.97,-2.916,-3.611,-2.866,-2.833,-2.675,-2.686,-2.757,-2.866,-2.741,-2.839,-2.686,-3.025,-3.102,-2.806,-2.85,-3.058,-3.145,-2.752,-2.883,-3.145,-2.926,-3.009,11.44,11.47,11.37,11.38,"NAN"
"2014-10-28 09:00:00",59,-2.929,-2.918,-3.061,-2.918,-2.754,-2.973,-2.918,-3.609,-2.869,-2.836,-2.678,-2.689,-2.754,-2.869,-2.749,-2.842,-2.689,-3.028,-3.099,-2.809,-2.853,-3.061,-3.148,-2.754,-2.886,-3.143,-2.929,-3.006,11.46,11.49,11.4,11.41,"NAN"
"2014-10-28 09:15:00",60,-2.93,-2.919,-3.061,-2.919,-2.755,-2.968,-2.908,-3.609,-2.87,-2.837,-2.668,-2.678,-2.755,-2.87,-2.744,-2.842,-2.678,-3.028,-3.094,-2.804,-2.842,-3.061,-3.149,-2.744,-2.886,-3.138,-2.924,-3.007,11.49,11.52,11.44,11.44,"NAN"
"2014-10-28 09:30:00",61,-2.924,-2.919,-3.061,-2.914,-2.744,-2.963,-2.908,-3.609,-2.87,-2.837,-2.668,-2.679,-2.755,-2.859,-2.733,-2.842,-2.679,-3.023,-3.094,-2.799,-2.842,-3.061,-3.143,-2.744,-2.886,-3.138,-2.914,-3.007,11.53,11.56,11.47,11.48,"NAN"
"2014-10-28 09:45:00",62,-2.919,-2.908,-3.061,-2.914,-2.733,-2.963,-2.908,-3.609,-2.87,-2.826,-2.668,-2.679,-2.755,-2.859,-2.733,-2.826,-2.679,-3.017,-3.094,-2.788,-2.842,-3.061,-3.138,-2.744,-2.875,-3.138,-2.908,-2.996,11.58,11.6,11.51,11.52,"NAN"
"2014-10-28 10:00:00",63,-2.919,-2.908,-3.061,-2.908,-2.733,-2.963,-2.892,-3.609,-2.853,-2.826,-2.668,-2.673,-2.75,-2.859,-2.733,-2.832,-2.668,-3.017,-3.083,-2.788,-2.842,-3.05,-3.138,-2.744,-2.864,-3.138,-2.908,-2.996,11.61,11.63,11.55,11.56,"NAN"
"2014-10-28 10:15:00",64,-2.914,-2.909,-3.051,-2.909,-2.734,-2.963,-2.887,-3.604,-2.854,-2.821,-2.668,-2.668,-2.745,-2.859,-2.734,-2.821,-2.668,-3.018,-3.084,-2.788,-2.838,-3.051,-3.138,-2.745,-2.865,-3.133,-2.909,-2.985,11.67,11.69,11.61,11.61,"NAN"
"2014-10-28 10:30:00",65,-2.912,-2.912,-3.055,-2.901,-2.726,-2.956,-2.89,-3.602,-2.858,-2.819,-2.661,-2.672,-2.748,-2.852,-2.726,-2.825,-2.672,-3.022,-3.082,-2.792,-2.836,-3.055,-3.131,-2.748,-2.869,-3.131,-2.901,-2.989,11.73,11.75,11.68,11.68,"NAN"
"2014-10-28 10:45:00",66,-2.918,-2.907,-3.054,-2.907,-2.732,-2.961,-2.896,-3.608,-2.852,-2.825,-2.666,-2.677,-2.754,-2.852,-2.732,-2.819,-2.672,-3.016,-3.087,-2.786,-2.841,-3.054,-3.137,-2.743,-2.868,-3.137,-2.907,-2.994,11.79,11.81,11.74,11.74,"NAN"
"2014-10-28 11:00:00",67,-2.919,-2.908,-3.039,-2.897,-2.733,-2.957,-2.886,-3.598,-2.853,-2.826,-2.657,-2.678,-2.755,-2.853,-2.733,-2.82,-2.662,-3.017,-3.077,-2.788,-2.842,-3.05,-3.138,-2.744,-2.864,-3.127,-2.908,-2.995,11.86,11.86,11.79,11.79,"NAN"
"2014-10-28 11:15:00",68,-2.919,-2.908,-3.039,-2.897,-2.733,-2.941,-2.886,-3.598,-2.853,-2.826,-2.662,-2.668,-2.744,-2.848,-2.733,-2.821,-2.657,-3.012,-3.072,-2.788,-2.837,-3.05,-3.132,-2.744,-2.864,-3.121,-2.908,-2.99,11.92,11.94,11.86,11.87,"NAN"
"2014-10-28 11:30:00",69,-2.908,-2.892,-3.039,-2.892,-2.722,-2.941,-2.886,-3.598,-2.853,-2.815,-2.657,-2.662,-2.744,-2.837,-2.722,-2.821,-2.657,-3.001,-3.072,-2.788,-2.821,-3.05,-3.127,-2.728,-2.864,-3.116,-2.897,-2.985,12,12,11.95,11.94,"NAN"
"2014-10-28 11:45:00",70,-2.898,-2.888,-3.041,-2.888,-2.724,-2.943,-2.877,-3.6,-2.855,-2.817,-2.648,-2.648,-2.741,-2.839,-2.713,-2.812,-2.648,-2.998,-3.063,-2.773,-2.823,-3.047,-3.118,-2.724,-2.855,-3.118,-2.899,-2.987,12.06,12.07,12.01,12.01,"NAN"
"2014-10-28 12:00:00",71,-2.891,-2.891,-3.033,-2.891,-2.727,-2.945,-2.88,-3.591,-2.847,-2.809,-2.65,-2.65,-2.727,-2.841,-2.716,-2.814,-2.65,-3,-3.066,-2.776,-2.825,-3.033,-3.12,-2.727,-2.858,-3.115,-2.902,-2.978,12.15,12.16,12.09,12.09,"NAN"
"2014-10-28 12:15:00",72,-2.891,-2.891,-3.034,-2.891,-2.727,-2.935,-2.88,-3.581,-2.842,-2.798,-2.646,-2.651,-2.727,-2.842,-2.711,-2.815,-2.651,-3.001,-3.066,-2.771,-2.815,-3.034,-3.121,-2.727,-2.859,-3.116,-2.891,-2.968,12.23,12.23,12.16,12.16,"NAN"
"2014-10-28 12:30:00",73,-2.892,-2.881,-3.034,-2.892,-2.711,-2.935,-2.881,-3.581,-2.842,-2.799,-2.646,-2.651,-2.728,-2.831,-2.706,-2.815,-2.651,-3.001,-3.067,-2.771,-2.815,-3.034,-3.116,-2.717,-2.853,-3.11,-2.886,-2.968,12.29,12.29,12.24,12.24,"NAN"
"2014-10-28 12:45:00",74,-2.892,-2.881,-3.034,-2.886,-2.706,-2.935,-2.87,-3.581,-2.842,-2.799,-2.64,-2.651,-2.728,-2.831,-2.706,-2.815,-2.651,-3.001,-3.067,-2.771,-2.815,-3.034,-3.11,-2.717,-2.853,-3.11,-2.881,-2.968,12.35,12.35,12.3,12.3,"NAN"
"2014-10-28 13:00:00",75,-2.891,-2.88,-3.033,-2.88,-2.706,-2.935,-2.869,-3.581,-2.837,-2.798,-2.64,-2.651,-2.727,-2.831,-2.706,-2.798,-2.651,-2.995,-3.066,-2.766,-2.815,-3.033,-3.11,-2.716,-2.848,-3.11,-2.88,-2.968,12.4,12.41,12.36,12.35,"NAN"
"2014-10-28 13:15:00",76,-2.89,-2.879,-3.032,-2.884,-2.704,-2.934,-2.863,-3.58,-2.824,-2.797,-2.639,-2.65,-2.726,-2.83,-2.704,-2.797,-2.65,-2.988,-3.059,-2.759,-2.813,-3.021,-3.109,-2.715,-2.841,-3.109,-2.879,-2.966,12.46,12.46,12.4,12.4,"NAN"
"2014-10-28 13:30:00",77,-2.887,-2.876,-3.029,-2.876,-2.701,-2.931,-2.865,-3.571,-2.821,-2.794,-2.636,-2.647,-2.723,-2.821,-2.701,-2.789,-2.647,-2.991,-3.051,-2.756,-2.81,-3.018,-3.106,-2.712,-2.838,-3.106,-2.876,-2.963,12.5,12.5,12.44,12.44,"NAN"
"2014-10-28 13:45:00",78,-2.886,-2.875,-3.028,-2.87,-2.7,-2.93,-2.864,-3.576,-2.821,-2.793,-2.635,-2.646,-2.722,-2.826,-2.7,-2.788,-2.646,-2.985,-3.056,-2.755,-2.81,-3.017,-3.105,-2.711,-2.842,-3.105,-2.875,-2.963,12.55,12.55,12.48,12.48,"NAN"
"2014-10-28 14:00:00",79,-2.886,-2.875,-3.028,-2.87,-2.7,-2.93,-2.864,-3.571,-2.821,-2.793,-2.635,-2.646,-2.722,-2.815,-2.7,-2.788,-2.646,-2.985,-3.056,-2.755,-2.81,-3.017,-3.105,-2.711,-2.842,-3.105,-2.875,-2.963,12.59,12.58,12.53,12.53,"NAN"
"2014-10-28 14:15:00",80,-2.886,-2.875,-3.028,-2.87,-2.7,-2.93,-2.864,-3.576,-2.826,-2.793,-2.635,-2.646,-2.722,-2.815,-2.7,-2.788,-2.646,-2.985,-3.056,-2.755,-2.81,-3.017,-3.105,-2.711,-2.832,-3.105,-2.875,-2.963,12.61,12.61,12.55,12.54,"NAN"
"2014-10-28 14:30:00",81,-2.886,-2.875,-3.028,-2.864,-2.7,-2.929,-2.864,-3.57,-2.82,-2.793,-2.634,-2.645,-2.722,-2.815,-2.7,-2.787,-2.634,-2.984,-3.05,-2.755,-2.809,-3.017,-3.104,-2.711,-2.837,-3.104,-2.875,-2.962,12.64,12.64,12.58,12.57,"NAN"
"2014-10-28 14:45:00",82,-2.886,-2.875,-3.028,-2.864,-2.7,-2.929,-2.864,-3.575,-2.82,-2.793,-2.634,-2.645,-2.722,-2.815,-2.7,-2.787,-2.634,-2.984,-3.055,-2.754,-2.809,-3.017,-3.104,-2.711,-2.842,-3.104,-2.875,-2.962,12.66,12.67,12.61,12.6,"NAN"
"2014-10-28 15:00:00",83,-2.884,-2.873,-3.026,-2.862,-2.698,-2.922,-2.862,-3.574,-2.818,-2.791,-2.632,-2.643,-2.72,-2.813,-2.698,-2.785,-2.632,-2.982,-3.048,-2.752,-2.807,-3.015,-3.102,-2.709,-2.84,-3.102,-2.873,-2.96,12.69,12.7,12.64,12.63,"NAN"
"2014-10-28 15:15:00",84,-2.884,-2.873,-3.026,-2.862,-2.698,-2.928,-2.862,-3.574,-2.824,-2.791,-2.632,-2.643,-2.72,-2.813,-2.698,-2.785,-2.632,-2.982,-3.048,-2.753,-2.807,-3.015,-3.103,-2.709,-2.829,-3.103,-2.873,-2.96,12.72,12.72,12.66,12.66,"NAN"
"2014-10-28 15:30:00",85,-2.886,-2.875,-3.012,-2.864,-2.7,-2.924,-2.853,-3.565,-2.82,-2.793,-2.634,-2.645,-2.722,-2.815,-2.7,-2.787,-2.629,-2.984,-3.05,-2.755,-2.809,-3.017,-3.105,-2.711,-2.831,-3.105,-2.875,-2.962,12.74,12.75,12.7,12.69,"NAN"
"2014-10-28 15:45:00",86,-2.886,-2.875,-3.012,-2.864,-2.7,-2.919,-2.853,-3.565,-2.821,-2.793,-2.629,-2.635,-2.711,-2.81,-2.695,-2.788,-2.624,-2.985,-3.045,-2.755,-2.804,-3.017,-3.105,-2.7,-2.831,-3.094,-2.875,-2.957,12.78,12.79,12.73,12.72,"NAN"
"2014-10-28 16:00:00",87,-2.875,-2.875,-3.006,-2.864,-2.7,-2.908,-2.853,-3.565,-2.821,-2.793,-2.624,-2.629,-2.711,-2.804,-2.689,-2.788,-2.624,-2.985,-3.039,-2.755,-2.793,-3.017,-3.099,-2.7,-2.831,-3.094,-2.864,-2.957,12.82,12.82,12.76,12.76,"NAN"
"2014-10-28 16:15:00",88,-2.875,-2.864,-3.006,-2.853,-2.689,-2.908,-2.853,-3.565,-2.821,-2.782,-2.624,-2.624,-2.711,-2.804,-2.689,-2.788,-2.624,-2.974,-3.039,-2.755,-2.788,-3.017,-3.089,-2.695,-2.831,-3.094,-2.864,-2.952,12.86,12.86,12.8,12.8,"NAN"
