"TOA5","PotTempCR1000","CR1000","5308","CR1000.Std.25","CPU:PotTempCR1000.CR1","21110","Table1"
"TIMESTAMP","RECORD","BattV_Avg","PTemp_C_Avg","T109_C(1)","T109_C(2)","T109_C(3)","T109_C(4)","T109_C(5)","T109_C(6)","T109_C(7)","T109_C(8)","T109_C(9)","T109_C(10)","T109_C(11)","T109_C(12)","T109_C(13)","T109_C(14)","T109_C(15)","T109_C(16)","T109_C(17)","T109_C(18)","T109_C(19)","T109_C(20)","T109_C(21)","T109_C(22)","T109_C(23)","T109_C(24)","T109_C(25)","T109_C(26)","T109_C(27)","T109_C(28)","T107_C(1)","T107_C(2)","T107_C(3)","T107_C(4)","SlrkW","SlrMJ"
"TS","RN","Volts","Deg C","Deg C","Deg C","Deg C","Deg C","Deg C","Deg C","Deg C","Deg C","Deg C","Deg C","Deg C","Deg C","Deg C","Deg C","Deg C","Deg C","Deg C","Deg C","Deg C","Deg C","Deg C","Deg C","Deg C","Deg C","Deg C","Deg C","Deg C","Deg C","Deg C","Deg C","Deg C","Deg C","kW/m^2","MJ/m^2"
"","","Avg","Avg","Smp","Smp","Smp","Smp","Smp","Smp","Smp","Smp","Smp","Smp","Smp","Smp","Smp","Smp","Smp","Smp","Smp","Smp","Smp","Smp","Smp","Smp","Smp","Smp","Smp","Smp","Smp","Smp","Smp","Smp","Smp","Smp","Smp","Smp"
"2014-11-08 14:30:00",0,-2.766,-2.668,-2.87,-2.744,-2.537,-2.755,-2.684,-3.378,-2.558,-2.64,-2.449,-2.482,-2.558,-2.673,-2.558,-2.646,-2.471,-2.799,-2.93,-2.575,-2.613,-2.864,-2.952,-2.591,-2.646,-2.93,-2.749,-2.777,16.71,17.28,16.61,17.04,0,0
"2014-11-08 14:40:00",1,-2.728,-2.651,-2.848,-2.711,-2.515,-2.755,-2.673,-3.389,-2.575,-2.608,-2.417,-2.449,-2.537,-2.657,-2.542,-2.613,-2.46,-2.777,-2.908,-2.569,-2.591,-2.864,-2.93,-2.547,-2.646,-2.941,-2.733,-2.788,28.15,17.01,18.52,16.9,0,0
"2014-11-08 14:50:00",2,-2.531,-2.64,-2.771,-2.624,-2.504,-2.449,-2.291,-3.4,-2.182,-2.389,-2.209,-2.433,-2.526,-2.646,-2.515,-2.591,-2.133,-2.744,-2.804,-2.558,-2.591,-2.842,-2.919,-2.537,-2.646,-2.919,-2.482,-2.755,29.21,25.6,24.4,24.55,0,0
"2014-11-08 15:00:00",3,-2.537,-2.297,-2.777,-2.646,-2.253,-2.351,-2.302,-3.203,-2.16,-2.302,-2.231,-2.166,-2.286,-2.34,-2.231,-2.297,-2.1,-2.449,-2.81,-2.264,-2.286,-2.318,-2.744,-2.024,-2.438,-2.831,-2.487,-2.651,29.58,26.18,24.81,24.81,0,0
"2014-11-08 15:10:00",4,-2.564,-2.253,-2.782,-2.668,-2.253,-2.362,-2.291,-3.181,-2.155,-2.286,-2.258,-2.177,-2.275,-2.357,-2.264,-2.291,-2.111,-2.438,-2.81,-2.253,-2.253,-2.297,-2.766,-2.024,-2.46,-2.799,-2.515,-2.668,29.86,26.59,25.1,24.98,0,0
"2014-11-08 15:20:00",5,-2.58,-2.28,-2.799,-2.668,-2.286,-2.406,-2.302,-3.181,-2.171,-2.286,-2.286,-2.188,-2.264,-2.384,-2.286,-2.297,-2.122,-2.46,-2.831,-2.242,-2.253,-2.297,-2.788,-2.024,-2.482,-2.777,-2.526,-2.673,30.04,26.81,25.17,24.9,0,0
"2014-11-08 15:30:00",6,-2.597,-2.286,-2.81,-2.689,-2.297,-2.395,-2.302,-3.192,-2.177,-2.297,-2.307,-2.198,-2.264,-2.4,-2.318,-2.297,-2.133,-2.482,-2.842,-2.242,-2.253,-2.307,-2.81,-2.046,-2.493,-2.766,-2.542,-2.689,29.86,26.87,25.25,24.67,0,0
"2014-11-08 15:40:00",7,-2.613,-2.286,-2.81,-2.7,-2.318,-2.406,-2.302,-3.192,-2.193,-2.297,-2.34,-2.198,-2.264,-2.433,-2.329,-2.297,-2.144,-2.515,-2.848,-2.242,-2.253,-2.329,-2.826,-2.079,-2.52,-2.733,-2.575,-2.7,29.51,26.77,25.36,24.3,0,0
"2014-11-08 15:50:00",8,-2.629,-2.302,-2.831,-2.706,-2.329,-2.411,-2.329,-3.181,-2.209,-2.302,-2.362,-2.209,-2.269,-2.449,-2.362,-2.297,-2.155,-2.537,-2.864,-2.253,-2.253,-2.329,-2.853,-2.122,-2.531,-2.722,-2.591,-2.711,29.35,26.7,25.38,24.01,0,0
"2014-11-08 16:00:00",9,-2.635,-2.302,-2.842,-2.722,-2.357,-2.411,-2.324,-3.181,-2.22,-2.307,-2.373,-2.209,-2.286,-2.482,-2.384,-2.307,-2.171,-2.564,-2.875,-2.275,-2.253,-2.329,-2.864,-2.177,-2.547,-2.7,-2.608,-2.711,29.22,26.71,25.43,23.82,0,0
"2014-11-08 16:10:00",10,-2.646,-2.291,-2.842,-2.728,-2.362,-2.427,-2.324,-3.181,-2.253,-2.307,-2.395,-2.22,-2.297,-2.493,-2.395,-2.307,-2.177,-2.591,-2.875,-2.275,-2.253,-2.335,-2.886,-2.209,-2.558,-2.689,-2.618,-2.722,28.78,26.78,25.43,23.72,0,0
"2014-11-08 16:20:00",11,-2.662,-2.302,-2.853,-2.733,-2.373,-2.438,-2.335,-3.17,-2.291,-2.307,-2.417,-2.22,-2.318,-2.515,-2.417,-2.307,-2.188,-2.613,-2.892,-2.28,-2.253,-2.34,-2.886,-2.242,-2.58,-2.711,-2.635,-2.733,28.03,26.86,25.39,23.63,0,0
"2014-11-08 16:30:00",12,-2.678,-2.329,-2.864,-2.755,-2.384,-2.449,-2.335,-3.159,-2.329,-2.34,-2.427,-2.231,-2.351,-2.526,-2.427,-2.318,-2.193,-2.624,-2.908,-2.286,-2.264,-2.373,-2.908,-2.264,-2.591,-2.733,-2.651,-2.733,27.1,26.9,25.34,23.49,0,0
"2014-11-08 16:40:00",13,-2.675,-2.348,-2.872,-2.752,-2.375,-2.452,-2.342,-3.156,-2.37,-2.353,-2.435,-2.233,-2.381,-2.522,-2.446,-2.315,-2.195,-2.632,-2.905,-2.283,-2.272,-2.408,-2.916,-2.261,-2.588,-2.752,-2.664,-2.741,26.09,26.92,25.29,23.31,0,0
"2014-11-08 16:50:00",14,-2.691,-2.391,-2.872,-2.762,-2.38,-2.489,-2.369,-3.151,-2.408,-2.391,-2.457,-2.239,-2.402,-2.511,-2.457,-2.326,-2.217,-2.648,-2.915,-2.282,-2.304,-2.451,-2.921,-2.26,-2.609,-2.773,-2.67,-2.757,25.11,26.79,25.06,22.96,0,0
"2014-11-08 17:00:00",15,-2.706,-2.433,-2.881,-2.772,-2.379,-2.532,-2.401,-3.155,-2.439,-2.428,-2.466,-2.259,-2.422,-2.504,-2.455,-2.335,-2.237,-2.663,-2.919,-2.297,-2.335,-2.499,-2.93,-2.259,-2.619,-2.799,-2.679,-2.761,24.16,26.47,24.74,22.49,0,0
"2014-11-08 17:10:00",16,-2.706,-2.466,-2.892,-2.771,-2.389,-2.559,-2.433,-3.165,-2.471,-2.46,-2.477,-2.28,-2.455,-2.504,-2.477,-2.351,-2.258,-2.679,-2.935,-2.313,-2.368,-2.542,-2.946,-2.269,-2.619,-2.804,-2.695,-2.771,23.27,25.89,24.46,21.93,0,0
"2014-11-08 17:20:00",17,-2.717,-2.498,-2.903,-2.793,-2.411,-2.586,-2.46,-3.176,-2.504,-2.493,-2.487,-2.302,-2.477,-2.52,-2.487,-2.378,-2.28,-2.695,-2.935,-2.324,-2.4,-2.575,-2.946,-2.302,-2.64,-2.837,-2.706,-2.771,22.44,25.09,24.12,21.24,0,0
"2014-11-08 17:30:00",18,-2.728,-2.531,-2.903,-2.793,-2.422,-2.608,-2.493,-3.187,-2.537,-2.515,-2.498,-2.313,-2.504,-2.537,-2.504,-2.389,-2.313,-2.711,-2.946,-2.346,-2.433,-2.608,-2.963,-2.335,-2.651,-2.848,-2.711,-2.793,21.7,24.23,23.74,20.54,0,0
"2014-11-08 17:40:00",19,-2.739,-2.564,-2.913,-2.804,-2.444,-2.64,-2.526,-3.209,-2.553,-2.542,-2.52,-2.335,-2.52,-2.558,-2.509,-2.411,-2.335,-2.728,-2.946,-2.367,-2.466,-2.64,-2.979,-2.362,-2.662,-2.859,-2.722,-2.804,21.05,23.37,23.32,19.84,0,0
"2014-11-08 17:50:00",20,-2.749,-2.59,-2.912,-2.803,-2.454,-2.656,-2.557,-3.219,-2.574,-2.563,-2.519,-2.345,-2.541,-2.585,-2.519,-2.432,-2.35,-2.743,-2.962,-2.388,-2.486,-2.672,-2.978,-2.394,-2.672,-2.88,-2.732,-2.803,20.45,22.51,22.9,19.2,0,0
"2014-11-08 18:00:00",21,-2.748,-2.622,-2.934,-2.825,-2.464,-2.672,-2.584,-3.229,-2.601,-2.584,-2.53,-2.366,-2.551,-2.601,-2.541,-2.453,-2.377,-2.754,-2.972,-2.399,-2.508,-2.693,-2.989,-2.415,-2.682,-2.89,-2.743,-2.825,19.93,21.73,22.48,18.61,0,0
"2014-11-08 18:10:00",22,-2.763,-2.637,-2.932,-2.823,-2.484,-2.702,-2.599,-3.249,-2.615,-2.604,-2.55,-2.375,-2.571,-2.615,-2.55,-2.462,-2.391,-2.768,-2.976,-2.424,-2.539,-2.724,-3.003,-2.44,-2.692,-2.91,-2.752,-2.834,19.44,20.98,22.04,18.04,0,0
"2014-11-08 18:20:00",23,-2.777,-2.668,-2.941,-2.832,-2.493,-2.712,-2.63,-3.259,-2.63,-2.614,-2.548,-2.395,-2.581,-2.624,-2.553,-2.493,-2.406,-2.783,-2.985,-2.439,-2.548,-2.745,-3.007,-2.466,-2.701,-2.919,-2.75,-2.832,18.97,20.29,21.63,17.52,0,0
"2014-11-08 18:30:00",24,-2.777,-2.684,-2.941,-2.843,-2.504,-2.733,-2.646,-3.269,-2.646,-2.635,-2.559,-2.406,-2.597,-2.64,-2.569,-2.504,-2.428,-2.793,-2.985,-2.46,-2.569,-2.755,-3.012,-2.493,-2.711,-2.919,-2.766,-2.843,18.49,19.63,21.19,17.04,0,0
"2014-11-08 18:40:00",25,-2.777,-2.706,-2.952,-2.859,-2.515,-2.76,-2.662,-3.291,-2.662,-2.646,-2.58,-2.427,-2.608,-2.657,-2.58,-2.526,-2.438,-2.815,-3.001,-2.471,-2.602,-2.788,-3.017,-2.515,-2.722,-2.941,-2.777,-2.853,18.01,18.99,20.79,16.58,0,0
"2014-11-08 18:50:00",26,-2.793,-2.733,-2.963,-2.864,-2.526,-2.777,-2.695,-3.302,-2.689,-2.673,-2.591,-2.438,-2.613,-2.684,-2.591,-2.537,-2.471,-2.826,-3.006,-2.493,-2.613,-2.799,-3.034,-2.537,-2.739,-2.952,-2.782,-2.864,17.54,18.4,20.4,16.11,0,0
"2014-11-08 19:00:00",27,-2.81,-2.75,-2.974,-2.853,-2.547,-2.793,-2.706,-3.313,-2.695,-2.679,-2.591,-2.444,-2.635,-2.7,-2.613,-2.558,-2.477,-2.842,-3.017,-2.509,-2.635,-2.826,-3.05,-2.558,-2.744,-2.963,-2.799,-2.875,17.1,17.81,20.01,15.67,0,0
"2014-11-08 19:10:00",28,-2.815,-2.766,-2.979,-2.864,-2.558,-2.81,-2.728,-3.329,-2.711,-2.7,-2.613,-2.471,-2.646,-2.717,-2.618,-2.569,-2.504,-2.859,-3.017,-2.526,-2.646,-2.853,-3.061,-2.58,-2.755,-2.985,-2.81,-2.886,16.66,17.28,19.64,15.27,0,0
"2014-11-08 19:20:00",29,-2.819,-2.786,-2.983,-2.874,-2.573,-2.825,-2.737,-3.344,-2.726,-2.71,-2.622,-2.47,-2.666,-2.732,-2.628,-2.59,-2.502,-2.857,-3.038,-2.535,-2.666,-2.863,-3.065,-2.601,-2.775,-2.989,-2.814,-2.896,16.26,16.77,19.29,14.86,0,0
"2014-11-08 19:30:00",30,-2.832,-2.799,-3.002,-2.881,-2.581,-2.838,-2.756,-3.352,-2.739,-2.723,-2.63,-2.488,-2.674,-2.734,-2.641,-2.597,-2.515,-2.87,-3.045,-2.553,-2.674,-2.881,-3.078,-2.608,-2.783,-2.991,-2.821,-2.903,15.88,16.29,18.94,14.51,0,0
"2014-11-08 19:40:00",31,-2.834,-2.812,-2.998,-2.889,-2.583,-2.845,-2.763,-3.365,-2.752,-2.736,-2.637,-2.495,-2.67,-2.747,-2.648,-2.605,-2.528,-2.883,-3.042,-2.561,-2.692,-2.889,-3.086,-2.626,-2.779,-2.998,-2.834,-2.911,15.53,15.85,18.61,14.17,0,0
"2014-11-08 19:50:00",32,-2.843,-2.821,-3.007,-2.898,-2.603,-2.859,-2.777,-3.369,-2.761,-2.745,-2.641,-2.504,-2.69,-2.756,-2.668,-2.624,-2.537,-2.892,-3.051,-2.575,-2.701,-2.898,-3.084,-2.635,-2.799,-3.007,-2.832,-2.909,15.21,15.44,18.28,13.87,0,0
"2014-11-08 20:00:00",33,-2.848,-2.832,-3.007,-2.897,-2.613,-2.865,-2.793,-3.379,-2.766,-2.755,-2.646,-2.515,-2.701,-2.772,-2.668,-2.635,-2.559,-2.903,-3.067,-2.58,-2.722,-2.919,-3.1,-2.657,-2.81,-3.018,-2.848,-2.93,14.91,15.08,18,13.6,0,0
"2014-11-08 20:10:00",34,-2.859,-2.848,-3.029,-2.908,-2.613,-2.875,-2.799,-3.39,-2.777,-2.766,-2.657,-2.526,-2.7,-2.782,-2.679,-2.651,-2.558,-2.914,-3.072,-2.591,-2.722,-2.93,-3.105,-2.662,-2.81,-3.029,-2.848,-2.93,14.65,14.75,17.73,13.35,0,0
"2014-11-08 20:20:00",35,-2.864,-2.853,-3.028,-2.908,-2.624,-2.881,-2.81,-3.412,-2.788,-2.771,-2.668,-2.531,-2.711,-2.788,-2.679,-2.657,-2.569,-2.914,-3.072,-2.608,-2.733,-2.93,-3.116,-2.673,-2.821,-3.028,-2.864,-2.935,14.42,14.46,17.47,13.14,0,0
"2014-11-08 20:30:00",36,-2.875,-2.859,-3.039,-2.919,-2.635,-2.892,-2.821,-3.417,-2.793,-2.777,-2.668,-2.547,-2.722,-2.799,-2.7,-2.668,-2.569,-2.93,-3.083,-2.613,-2.744,-2.952,-3.116,-2.679,-2.832,-3.039,-2.864,-2.941,14.21,14.21,17.22,12.96,0,0
"2014-11-08 20:40:00",37,-2.875,-2.864,-3.039,-2.93,-2.64,-2.897,-2.826,-3.423,-2.799,-2.788,-2.668,-2.558,-2.722,-2.804,-2.7,-2.668,-2.591,-2.935,-3.083,-2.624,-2.755,-2.963,-3.127,-2.689,-2.837,-3.05,-2.864,-2.941,14.03,13.98,17,12.81,0,0
"2014-11-08 20:50:00",38,-2.881,-2.87,-3.039,-2.93,-2.646,-2.897,-2.837,-3.423,-2.804,-2.788,-2.679,-2.558,-2.733,-2.815,-2.711,-2.689,-2.591,-2.941,-3.083,-2.629,-2.766,-2.963,-3.127,-2.7,-2.842,-3.05,-2.875,-2.946,13.86,13.77,16.8,12.67,0,0
"2014-11-08 21:00:00",39,-2.886,-2.881,-3.05,-2.93,-2.646,-2.908,-2.842,-3.434,-2.81,-2.793,-2.679,-2.564,-2.733,-2.821,-2.711,-2.689,-2.602,-2.946,-3.094,-2.646,-2.766,-2.963,-3.132,-2.7,-2.842,-3.056,-2.881,-2.963,13.71,13.58,16.59,12.52,0,0
"2014-11-08 21:10:00",40,-2.886,-2.886,-3.05,-2.93,-2.662,-2.914,-2.842,-3.45,-2.815,-2.793,-2.679,-2.575,-2.733,-2.826,-2.711,-2.7,-2.602,-2.957,-3.094,-2.646,-2.766,-2.974,-3.132,-2.711,-2.842,-3.061,-2.881,-2.963,13.58,13.41,16.4,12.41,0,0
"2014-11-08 21:20:00",41,-2.892,-2.886,-3.061,-2.93,-2.668,-2.925,-2.848,-3.456,-2.815,-2.804,-2.689,-2.58,-2.733,-2.832,-2.711,-2.7,-2.618,-2.963,-3.105,-2.651,-2.788,-2.99,-3.149,-2.722,-2.853,-3.061,-2.881,-2.974,13.44,13.25,16.23,12.3,0,0
"2014-11-08 21:30:00",42,-2.892,-2.897,-3.061,-2.93,-2.668,-2.925,-2.859,-3.456,-2.826,-2.81,-2.7,-2.591,-2.744,-2.832,-2.722,-2.722,-2.624,-2.968,-3.105,-2.657,-2.788,-2.996,-3.149,-2.722,-2.859,-3.061,-2.892,-2.974,13.31,13.1,16.07,12.19,0,0
"2014-11-08 21:40:00",43,-2.897,-2.897,-3.061,-2.93,-2.679,-2.93,-2.859,-3.467,-2.826,-2.81,-2.7,-2.591,-2.744,-2.832,-2.728,-2.722,-2.624,-2.968,-3.105,-2.662,-2.788,-2.996,-3.149,-2.722,-2.864,-3.067,-2.892,-2.974,13.21,12.97,15.91,12.12,0,0
"2014-11-08 21:50:00",44,-2.903,-2.897,-3.067,-2.941,-2.679,-2.93,-2.859,-3.467,-2.832,-2.81,-2.7,-2.591,-2.755,-2.848,-2.733,-2.733,-2.624,-2.974,-3.105,-2.668,-2.788,-2.996,-3.149,-2.733,-2.864,-3.078,-2.897,-2.974,13.11,12.85,15.76,12.05,0,0
"2014-11-08 22:00:00",45,-2.908,-2.897,-3.072,-2.941,-2.679,-2.93,-2.87,-3.472,-2.832,-2.815,-2.7,-2.591,-2.755,-2.848,-2.733,-2.733,-2.624,-2.974,-3.105,-2.679,-2.799,-2.996,-3.149,-2.733,-2.864,-3.083,-2.897,-2.974,13.03,12.75,15.62,11.97,0,0
"2014-11-08 22:10:00",46,-2.908,-2.897,-3.072,-2.941,-2.679,-2.93,-2.87,-3.478,-2.837,-2.821,-2.7,-2.613,-2.755,-2.848,-2.733,-2.733,-2.629,-2.974,-3.105,-2.679,-2.799,-3.007,-3.149,-2.733,-2.87,-3.083,-2.897,-2.974,12.93,12.64,15.5,11.9,0,0
"2014-11-08 22:20:00",47,-2.908,-2.903,-3.072,-2.941,-2.689,-2.941,-2.87,-3.483,-2.842,-2.821,-2.7,-2.613,-2.755,-2.848,-2.733,-2.75,-2.635,-2.979,-3.105,-2.679,-2.799,-3.007,-3.149,-2.733,-2.875,-3.083,-2.897,-2.974,12.85,12.56,15.38,11.86,0,0
"2014-11-08 22:30:00",48,-2.908,-2.914,-3.072,-2.941,-2.695,-2.941,-2.875,-3.489,-2.848,-2.826,-2.7,-2.613,-2.755,-2.848,-2.733,-2.755,-2.635,-2.979,-3.105,-2.689,-2.799,-3.007,-3.154,-2.739,-2.875,-3.083,-2.897,-2.979,12.78,12.47,15.25,11.81,0,0
"2014-11-08 22:40:00",49,-2.908,-2.914,-3.072,-2.941,-2.7,-2.946,-2.875,-3.489,-2.848,-2.826,-2.7,-2.624,-2.755,-2.853,-2.744,-2.755,-2.64,-2.99,-3.111,-2.695,-2.81,-3.018,-3.154,-2.739,-2.875,-3.094,-2.908,-2.99,12.69,12.38,15.14,11.75,0,0
"2014-11-08 22:50:00",50,-2.919,-2.914,-3.072,-2.941,-2.7,-2.946,-2.875,-3.5,-2.848,-2.826,-2.7,-2.624,-2.755,-2.859,-2.744,-2.755,-2.657,-2.996,-3.116,-2.695,-2.821,-3.028,-3.16,-2.744,-2.875,-3.094,-2.908,-2.99,12.62,12.3,15.02,11.69,0,0
"2014-11-08 23:00:00",51,-2.919,-2.919,-3.072,-2.952,-2.7,-2.957,-2.881,-3.5,-2.848,-2.826,-2.7,-2.624,-2.766,-2.864,-2.744,-2.766,-2.657,-2.996,-3.116,-2.7,-2.821,-3.028,-3.16,-2.744,-2.875,-3.094,-2.908,-2.996,12.56,12.23,14.9,11.64,0,0
"2014-11-08 23:10:00",52,-2.918,-2.918,-3.077,-2.962,-2.711,-2.957,-2.886,-3.499,-2.847,-2.825,-2.705,-2.623,-2.765,-2.864,-2.743,-2.765,-2.656,-3,-3.115,-2.711,-2.82,-3.028,-3.159,-2.754,-2.875,-3.093,-2.913,-3,12.49,12.15,14.8,11.6,0,0
"2014-11-08 23:20:00",53,-2.919,-2.93,-3.078,-2.963,-2.711,-2.963,-2.892,-3.51,-2.848,-2.842,-2.706,-2.624,-2.766,-2.864,-2.744,-2.766,-2.656,-3.006,-3.116,-2.711,-2.82,-3.028,-3.16,-2.755,-2.875,-3.094,-2.913,-3.006,12.42,12.08,14.7,11.53,0,0
"2014-11-08 23:30:00",54,-2.924,-2.93,-3.083,-2.963,-2.711,-2.963,-2.892,-3.51,-2.859,-2.842,-2.711,-2.624,-2.766,-2.864,-2.744,-2.766,-2.657,-3.007,-3.116,-2.711,-2.821,-3.028,-3.165,-2.755,-2.886,-3.1,-2.914,-3.007,12.34,12.01,14.61,11.49,0,0
"2014-11-08 23:40:00",55,-2.924,-2.93,-3.083,-2.963,-2.711,-2.963,-2.897,-3.51,-2.859,-2.842,-2.711,-2.64,-2.766,-2.864,-2.749,-2.777,-2.662,-3.006,-3.116,-2.711,-2.831,-3.034,-3.176,-2.755,-2.886,-3.11,-2.913,-3.006,12.27,11.93,14.5,11.41,0,0
"2014-11-08 23:50:00",56,-2.93,-2.93,-3.083,-2.963,-2.711,-2.974,-2.903,-3.511,-2.864,-2.842,-2.717,-2.646,-2.766,-2.875,-2.755,-2.788,-2.668,-3.007,-3.132,-2.722,-2.832,-3.039,-3.176,-2.766,-2.892,-3.116,-2.919,-3.007,12.2,11.84,14.38,11.36,0,0
"2014-11-09 00:00:00",57,-2.939,-2.939,-3.092,-2.961,-2.709,-2.972,-2.901,-3.525,-2.868,-2.846,-2.731,-2.644,-2.775,-2.873,-2.764,-2.786,-2.666,-3.01,-3.131,-2.726,-2.83,-3.037,-3.18,-2.764,-2.89,-3.114,-2.923,-3.005,12.12,11.74,14.27,11.26,0,0
"2014-11-09 00:10:00",58,-2.939,-2.944,-3.092,-2.961,-2.725,-2.972,-2.9,-3.53,-2.873,-2.851,-2.731,-2.644,-2.78,-2.879,-2.764,-2.786,-2.682,-3.021,-3.13,-2.725,-2.84,-3.037,-3.18,-2.764,-2.895,-3.125,-2.928,-3.004,12.03,11.65,14.15,11.19,0,0
"2014-11-09 00:20:00",59,-2.937,-2.943,-3.096,-2.97,-2.729,-2.986,-2.904,-3.529,-2.877,-2.85,-2.729,-2.653,-2.784,-2.877,-2.762,-2.795,-2.686,-3.019,-3.134,-2.735,-2.85,-3.058,-3.178,-2.768,-2.904,-3.123,-2.926,-3.014,11.92,11.55,14.04,11.07,0,0
"2014-11-09 00:30:00",60,-2.947,-2.952,-3.1,-2.969,-2.728,-2.985,-2.914,-3.538,-2.876,-2.848,-2.728,-2.652,-2.783,-2.887,-2.772,-2.794,-2.684,-3.023,-3.133,-2.739,-2.848,-3.056,-3.177,-2.777,-2.903,-3.122,-2.936,-3.012,11.81,11.45,13.93,11,0,0
"2014-11-09 00:40:00",61,-2.946,-2.957,-3.099,-2.968,-2.727,-2.984,-2.913,-3.538,-2.875,-2.853,-2.727,-2.651,-2.788,-2.886,-2.771,-2.793,-2.684,-3.034,-3.143,-2.738,-2.848,-3.056,-3.181,-2.782,-2.902,-3.127,-2.935,-3.017,11.71,11.34,13.83,10.88,0,0
"2014-11-09 00:50:00",62,-2.946,-2.957,-3.099,-2.978,-2.738,-2.989,-2.918,-3.537,-2.874,-2.853,-2.738,-2.656,-2.792,-2.891,-2.771,-2.798,-2.683,-3.033,-3.143,-2.738,-2.858,-3.055,-3.186,-2.782,-2.902,-3.132,-2.935,-3.017,11.61,11.23,13.72,10.81,0,0
"2014-11-09 01:00:00",63,-2.945,-2.956,-3.098,-2.978,-2.737,-3,-2.929,-3.537,-2.885,-2.863,-2.737,-2.655,-2.792,-2.89,-2.77,-2.808,-2.693,-3.033,-3.142,-2.748,-2.857,-3.065,-3.186,-2.786,-2.912,-3.131,-2.934,-3.033,11.52,11.13,13.62,10.73,0,0
"2014-11-09 01:10:00",64,-2.944,-2.961,-3.097,-2.977,-2.736,-2.999,-2.928,-3.547,-2.884,-2.868,-2.736,-2.671,-2.791,-2.9,-2.769,-2.807,-2.693,-3.032,-3.141,-2.753,-2.857,-3.065,-3.19,-2.791,-2.911,-3.136,-2.939,-3.032,11.41,11.05,13.51,10.65,0,0
"2014-11-09 01:20:00",65,-2.945,-2.967,-3.109,-2.989,-2.737,-3,-2.929,-3.553,-2.891,-2.869,-2.737,-2.672,-2.792,-2.902,-2.781,-2.814,-2.694,-3.033,-3.148,-2.754,-2.858,-3.066,-3.203,-2.792,-2.913,-3.137,-2.945,-3.033,11.34,10.97,13.43,10.6,0,0
"2014-11-09 01:30:00",66,-2.95,-2.966,-3.108,-2.988,-2.742,-2.999,-2.928,-3.558,-2.889,-2.868,-2.736,-2.671,-2.791,-2.9,-2.78,-2.818,-2.693,-3.032,-3.152,-2.758,-2.857,-3.065,-3.201,-2.791,-2.911,-3.152,-2.95,-3.032,11.26,10.89,13.33,10.54,0,0
"2014-11-09 01:40:00",67,-2.954,-2.965,-3.107,-2.987,-2.746,-2.998,-2.927,-3.568,-2.894,-2.872,-2.741,-2.68,-2.801,-2.899,-2.779,-2.823,-2.691,-3.041,-3.151,-2.768,-2.872,-3.069,-3.2,-2.79,-2.916,-3.151,-2.948,-3.03,11.19,10.82,13.25,10.5,0,0
"2014-11-09 01:50:00",68,-2.959,-2.965,-3.107,-2.987,-2.752,-2.998,-2.932,-3.568,-2.905,-2.877,-2.746,-2.68,-2.801,-2.899,-2.79,-2.823,-2.713,-3.047,-3.156,-2.768,-2.877,-3.074,-3.2,-2.795,-2.921,-3.151,-2.948,-3.03,11.12,10.75,13.14,10.43,0,0
"2014-11-09 02:00:00",69,-2.964,-2.97,-3.107,-2.986,-2.757,-3.003,-2.937,-3.567,-2.904,-2.877,-2.757,-2.68,-2.811,-2.904,-2.789,-2.822,-2.713,-3.047,-3.156,-2.768,-2.877,-3.085,-3.205,-2.8,-2.932,-3.151,-2.948,-3.03,11.05,10.69,13.06,10.39,0,0
"2014-11-09 02:10:00",70,-2.964,-2.97,-3.106,-2.986,-2.756,-3.008,-2.942,-3.567,-2.904,-2.893,-2.756,-2.68,-2.811,-2.915,-2.789,-2.822,-2.713,-3.046,-3.156,-2.767,-2.877,-3.085,-3.205,-2.806,-2.931,-3.15,-2.948,-3.041,10.99,10.63,12.98,10.33,0,0
"2014-11-09 02:20:00",71,-2.963,-2.974,-3.111,-2.996,-2.755,-3.013,-2.941,-3.566,-2.903,-2.892,-2.755,-2.679,-2.81,-2.914,-2.799,-2.827,-2.712,-3.045,-3.155,-2.766,-2.876,-3.084,-3.204,-2.81,-2.93,-3.149,-2.952,-3.04,10.94,10.57,12.89,10.27,0,0
"2014-11-09 02:30:00",72,-2.963,-2.974,-3.116,-2.996,-2.755,-3.012,-2.941,-3.566,-2.903,-2.892,-2.755,-2.679,-2.81,-2.914,-2.799,-2.832,-2.711,-3.062,-3.16,-2.777,-2.875,-3.083,-3.204,-2.81,-2.93,-3.149,-2.952,-3.04,10.88,10.53,12.83,10.25,0,0
"2014-11-09 02:40:00",73,-2.963,-2.979,-3.116,-2.996,-2.755,-3.012,-2.941,-3.577,-2.903,-2.897,-2.755,-2.679,-2.81,-2.914,-2.799,-2.832,-2.711,-3.061,-3.16,-2.777,-2.881,-3.089,-3.204,-2.81,-2.93,-3.149,-2.957,-3.04,10.83,10.49,12.76,10.23,0,0
"2014-11-09 02:50:00",74,-2.963,-2.985,-3.122,-2.996,-2.766,-3.012,-2.941,-3.577,-2.903,-2.897,-2.755,-2.679,-2.81,-2.914,-2.799,-2.832,-2.711,-3.061,-3.16,-2.782,-2.886,-3.083,-3.204,-2.81,-2.93,-3.149,-2.963,-3.04,10.79,10.45,12.69,10.19,0,0
"2014-11-09 03:00:00",75,-2.968,-2.985,-3.127,-2.996,-2.766,-3.012,-2.941,-3.577,-2.903,-2.897,-2.755,-2.679,-2.81,-2.914,-2.799,-2.843,-2.711,-3.061,-3.16,-2.782,-2.886,-3.089,-3.209,-2.81,-2.93,-3.155,-2.963,-3.04,10.75,10.41,12.63,10.19,0,0
"2014-11-09 03:10:00",76,-2.974,-2.985,-3.127,-2.996,-2.766,-3.012,-2.941,-3.577,-2.903,-2.897,-2.755,-2.7,-2.81,-2.919,-2.799,-2.843,-2.722,-3.061,-3.16,-2.788,-2.886,-3.094,-3.209,-2.81,-2.93,-3.16,-2.963,-3.04,10.71,10.38,12.56,10.15,0,0
"2014-11-09 03:20:00",77,-2.974,-2.985,-3.127,-2.996,-2.766,-3.012,-2.947,-3.588,-2.903,-2.897,-2.755,-2.7,-2.81,-2.919,-2.799,-2.843,-2.722,-3.061,-3.16,-2.788,-2.886,-3.094,-3.209,-2.81,-2.93,-3.16,-2.963,-3.045,10.68,10.35,12.5,10.15,0,0
"2014-11-09 03:30:00",78,-2.974,-2.985,-3.127,-2.996,-2.766,-3.018,-2.957,-3.588,-2.908,-2.903,-2.755,-2.7,-2.81,-2.919,-2.799,-2.843,-2.717,-3.061,-3.16,-2.788,-2.886,-3.094,-3.215,-2.81,-2.93,-3.165,-2.963,-3.056,10.65,10.32,12.46,10.13,0,0
"2014-11-09 03:40:00",79,-2.974,-2.985,-3.127,-2.996,-2.766,-3.018,-2.957,-3.593,-2.908,-2.908,-2.755,-2.7,-2.815,-2.919,-2.799,-2.854,-2.722,-3.061,-3.16,-2.788,-2.886,-3.094,-3.215,-2.81,-2.936,-3.165,-2.963,-3.051,10.62,10.3,12.4,10.12,0,0
"2014-11-09 03:50:00",80,-2.974,-2.985,-3.127,-2.996,-2.766,-3.018,-2.957,-3.599,-2.908,-2.908,-2.755,-2.7,-2.81,-2.925,-2.799,-2.854,-2.722,-3.061,-3.16,-2.799,-2.886,-3.094,-3.215,-2.81,-2.941,-3.165,-2.963,-3.056,10.6,10.29,12.36,10.12,0,0
"2014-11-09 04:00:00",81,-2.974,-2.985,-3.127,-2.996,-2.766,-3.018,-2.957,-3.599,-2.914,-2.908,-2.755,-2.7,-2.81,-2.93,-2.799,-2.854,-2.722,-3.061,-3.16,-2.799,-2.886,-3.094,-3.215,-2.81,-2.936,-3.165,-2.963,-3.056,10.59,10.28,12.32,10.11,0,0
"2014-11-09 04:10:00",82,-2.974,-2.985,-3.127,-2.99,-2.766,-3.018,-2.957,-3.599,-2.903,-2.914,-2.755,-2.7,-2.81,-2.93,-2.799,-2.854,-2.722,-3.061,-3.16,-2.799,-2.886,-3.094,-3.215,-2.81,-2.941,-3.171,-2.963,-3.061,10.57,10.27,12.27,10.12,0,0
"2014-11-09 04:20:00",83,-2.974,-2.985,-3.127,-2.996,-2.766,-3.018,-2.957,-3.599,-2.903,-2.908,-2.755,-2.7,-2.81,-2.925,-2.799,-2.854,-2.722,-3.061,-3.16,-2.799,-2.886,-3.094,-3.215,-2.81,-2.941,-3.171,-2.963,-3.061,10.56,10.27,12.21,10.11,0,0
"2014-11-09 04:30:00",84,-2.974,-2.985,-3.127,-2.996,-2.766,-3.018,-2.957,-3.599,-2.908,-2.908,-2.755,-2.706,-2.81,-2.93,-2.799,-2.854,-2.722,-3.061,-3.16,-2.799,-2.886,-3.094,-3.215,-2.81,-2.941,-3.171,-2.963,-3.061,10.56,10.25,12.17,10.12,0,0
"2014-11-09 04:40:00",85,-2.974,-2.985,-3.127,-2.996,-2.766,-3.018,-2.957,-3.599,-2.908,-2.914,-2.755,-2.711,-2.81,-2.93,-2.799,-2.854,-2.722,-3.061,-3.16,-2.799,-2.886,-3.094,-3.215,-2.81,-2.941,-3.171,-2.963,-3.061,10.54,10.25,12.13,10.12,0,0
"2014-11-09 04:50:00",86,-2.974,-2.985,-3.127,-2.996,-2.771,-3.018,-2.957,-3.599,-2.914,-2.908,-2.755,-2.711,-2.81,-2.93,-2.799,-2.854,-2.722,-3.061,-3.16,-2.799,-2.886,-3.094,-3.215,-2.81,-2.941,-3.176,-2.963,-3.061,10.52,10.23,12.09,10.1,0,0
"2014-11-09 05:00:00",87,-2.974,-2.985,-3.127,-2.996,-2.777,-3.018,-2.957,-3.599,-2.919,-2.908,-2.755,-2.711,-2.821,-2.93,-2.799,-2.854,-2.722,-3.061,-3.16,-2.799,-2.886,-3.094,-3.215,-2.81,-2.941,-3.182,-2.963,-3.061,10.49,10.21,12.05,10.08,0,0
"2014-11-09 05:10:00",88,-2.974,-2.985,-3.127,-2.996,-2.788,-3.018,-2.957,-3.599,-2.919,-2.914,-2.755,-2.711,-2.81,-2.93,-2.799,-2.854,-2.722,-3.061,-3.16,-2.799,-2.892,-3.094,-3.215,-2.81,-2.941,-3.182,-2.963,-3.061,10.48,10.19,12.03,10.08,0,0
"2014-11-09 05:20:00",89,-2.974,-2.985,-3.127,-2.996,-2.771,-3.018,-2.957,-3.599,-2.919,-2.908,-2.755,-2.711,-2.815,-2.93,-2.799,-2.854,-2.722,-3.061,-3.16,-2.799,-2.892,-3.105,-3.215,-2.81,-2.941,-3.182,-2.963,-3.061,10.46,10.19,11.99,10.08,0,0
"2014-11-09 05:30:00",90,-2.974,-2.985,-3.127,-2.996,-2.782,-3.018,-2.952,-3.604,-2.919,-2.908,-2.755,-2.711,-2.81,-2.93,-2.799,-2.854,-2.722,-3.061,-3.16,-2.799,-2.886,-3.1,-3.215,-2.81,-2.941,-3.182,-2.963,-3.061,10.46,10.19,11.96,10.1,0,0
"2014-11-09 05:40:00",91,-2.974,-2.985,-3.127,-2.985,-2.782,-3.018,-2.952,-3.604,-2.903,-2.908,-2.755,-2.711,-2.81,-2.93,-2.799,-2.854,-2.722,-3.061,-3.16,-2.799,-2.892,-3.1,-3.215,-2.81,-2.941,-3.171,-2.963,-3.061,10.46,10.19,11.94,10.12,0,0
"2014-11-09 05:50:00",92,-2.974,-2.985,-3.127,-2.985,-2.782,-3.018,-2.957,-3.61,-2.914,-2.908,-2.75,-2.711,-2.81,-2.93,-2.799,-2.854,-2.722,-3.061,-3.16,-2.799,-2.892,-3.1,-3.209,-2.81,-2.936,-3.171,-2.963,-3.061,10.48,10.21,11.91,10.15,0,0
"2014-11-09 06:00:00",93,-2.974,-2.974,-3.127,-2.985,-2.777,-3.012,-2.947,-3.61,-2.908,-2.908,-2.744,-2.711,-2.81,-2.925,-2.799,-2.854,-2.722,-3.061,-3.16,-2.799,-2.886,-3.094,-3.204,-2.81,-2.93,-3.171,-2.963,-3.061,10.5,10.24,11.91,10.19,0,0
"2014-11-09 06:10:00",94,-2.968,-2.974,-3.122,-2.985,-2.777,-3.001,-2.947,-3.604,-2.903,-2.908,-2.744,-2.711,-2.81,-2.919,-2.799,-2.854,-2.717,-3.061,-3.16,-2.799,-2.886,-3.094,-3.204,-2.81,-2.93,-3.171,-2.957,-3.056,10.55,10.29,11.91,10.25,0,0
"2014-11-09 06:20:00",95,-2.963,-2.968,-3.116,-2.968,-2.771,-3.001,-2.941,-3.599,-2.903,-2.908,-2.722,-2.706,-2.81,-2.914,-2.788,-2.854,-2.711,-3.061,-3.16,-2.799,-2.886,-3.094,-3.204,-2.799,-2.93,-3.171,-2.952,-3.045,10.62,10.35,11.93,10.33,0,0
"2014-11-09 06:30:00",96,-2.963,-2.952,-3.111,-2.963,-2.766,-2.985,-2.93,-3.599,-2.903,-2.903,-2.722,-2.7,-2.799,-2.914,-2.788,-2.854,-2.711,-3.061,-3.144,-2.799,-2.875,-3.094,-3.193,-2.799,-2.93,-3.155,-2.952,-3.045,10.71,10.43,11.95,10.43,0,0
"2014-11-09 06:40:00",97,-2.953,-2.953,-3.106,-2.953,-2.767,-2.98,-2.931,-3.599,-2.892,-2.898,-2.723,-2.701,-2.788,-2.903,-2.788,-2.854,-2.712,-3.057,-3.133,-2.799,-2.876,-3.084,-3.188,-2.794,-2.92,-3.15,-2.947,-3.04,10.84,10.56,11.99,10.58,0,0
"2014-11-09 06:50:00",98,-2.952,-2.941,-3.094,-2.952,-2.755,-2.974,-2.914,-3.599,-2.881,-2.876,-2.711,-2.701,-2.777,-2.897,-2.766,-2.843,-2.701,-3.051,-3.127,-2.788,-2.865,-3.083,-3.171,-2.777,-2.919,-3.144,-2.936,-3.029,11,10.71,12.05,10.73,0,0
"2014-11-09 07:00:00",99,-2.953,-2.926,-3.096,-2.942,-2.756,-2.964,-2.909,-3.6,-2.877,-2.877,-2.696,-2.691,-2.778,-2.888,-2.762,-2.844,-2.696,-3.041,-3.117,-2.789,-2.86,-3.079,-3.172,-2.767,-2.904,-3.139,-2.937,-3.03,11.22,10.89,12.13,10.94,0,0
"2014-11-09 07:10:00",100,-2.934,-2.912,-3.087,-2.923,-2.748,-2.945,-2.901,-3.602,-2.863,-2.868,-2.682,-2.682,-2.77,-2.885,-2.759,-2.835,-2.682,-3.038,-3.104,-2.781,-2.846,-3.065,-3.158,-2.759,-2.89,-3.131,-2.923,-3.021,11.47,11.1,12.22,11.19,0,0
"2014-11-09 07:20:00",101,-2.924,-2.902,-3.088,-2.913,-2.749,-2.945,-2.885,-3.581,-2.852,-2.858,-2.678,-2.683,-2.749,-2.874,-2.749,-2.831,-2.683,-3.039,-3.099,-2.781,-2.836,-3.055,-3.143,-2.738,-2.885,-3.126,-2.913,-3.011,11.76,11.33,12.31,11.42,0,0
"2014-11-09 07:30:00",102,-2.925,-2.898,-3.068,-2.909,-2.729,-2.947,-2.882,-3.583,-2.849,-2.849,-2.674,-2.674,-2.75,-2.86,-2.729,-2.816,-2.674,-3.024,-3.095,-2.783,-2.838,-3.046,-3.133,-2.739,-2.871,-3.117,-2.909,-3.007,12.05,11.54,12.38,11.68,0,0
"2014-11-09 07:40:00",103,-2.918,-2.885,-3.065,-2.907,-2.732,-2.939,-2.879,-3.575,-2.841,-2.841,-2.666,-2.677,-2.743,-2.847,-2.732,-2.819,-2.666,-3.022,-3.093,-2.765,-2.825,-3.038,-3.131,-2.726,-2.863,-3.104,-2.901,-3.005,12.33,11.78,12.48,11.9,0,0
"2014-11-09 07:50:00",104,-2.913,-2.875,-3.061,-2.886,-2.722,-2.924,-2.864,-3.576,-2.826,-2.831,-2.656,-2.667,-2.727,-2.848,-2.722,-2.809,-2.662,-3.017,-3.077,-2.766,-2.82,-3.028,-3.121,-2.711,-2.853,-3.105,-2.891,-2.995,12.59,12,12.58,12.1,0,0
"2014-11-09 08:00:00",105,-2.897,-2.864,-3.05,-2.875,-2.722,-2.908,-2.859,-3.565,-2.826,-2.831,-2.646,-2.657,-2.722,-2.831,-2.7,-2.81,-2.646,-3.012,-3.061,-2.755,-2.81,-3.017,-3.105,-2.711,-2.831,-3.094,-2.886,-2.985,12.84,12.22,12.7,12.3,0,0
"2014-11-09 08:10:00",106,-2.886,-2.859,-3.039,-2.864,-2.706,-2.908,-2.848,-3.565,-2.81,-2.81,-2.635,-2.646,-2.711,-2.821,-2.7,-2.788,-2.646,-3.001,-3.061,-2.755,-2.799,-3.007,-3.094,-2.695,-2.832,-3.094,-2.87,-2.985,13.12,12.44,12.81,12.56,0,0
"2014-11-09 08:20:00",107,-2.886,-2.842,-3.028,-2.853,-2.7,-2.908,-2.842,-3.554,-2.793,-2.799,-2.624,-2.635,-2.7,-2.804,-2.689,-2.788,-2.635,-2.985,-3.05,-2.75,-2.788,-2.996,-3.083,-2.679,-2.815,-3.083,-2.87,-2.963,13.41,12.66,12.92,12.78,0,0
"2014-11-09 08:30:00",108,-2.875,-2.842,-3.028,-2.842,-2.689,-2.897,-2.832,-3.554,-2.793,-2.799,-2.613,-2.635,-2.684,-2.799,-2.668,-2.782,-2.629,-2.985,-3.045,-2.739,-2.777,-2.985,-3.072,-2.679,-2.799,-3.072,-2.853,-2.952,13.7,12.88,13,12.96,0,0
"2014-11-09 08:40:00",109,-2.87,-2.826,-3.017,-2.842,-2.689,-2.886,-2.815,-3.549,-2.777,-2.788,-2.613,-2.624,-2.679,-2.788,-2.662,-2.777,-2.613,-2.974,-3.028,-2.739,-2.777,-2.974,-3.061,-2.662,-2.788,-3.067,-2.853,-2.952,13.96,13.09,13.11,13.21,0,0
"2014-11-09 08:50:00",110,-2.853,-2.81,-3.001,-2.832,-2.673,-2.875,-2.815,-3.543,-2.766,-2.766,-2.602,-2.613,-2.668,-2.771,-2.657,-2.766,-2.608,-2.968,-3.017,-2.728,-2.766,-2.963,-3.045,-2.646,-2.777,-3.039,-2.842,-2.941,14.2,13.28,13.21,13.39,0,0
"2014-11-09 09:00:00",111,-2.842,-2.799,-2.985,-2.788,-2.668,-2.864,-2.804,-3.532,-2.755,-2.766,-2.591,-2.602,-2.64,-2.771,-2.635,-2.755,-2.602,-2.952,-2.99,-2.722,-2.75,-2.952,-3.017,-2.64,-2.733,-3.007,-2.826,-2.914,14.46,13.5,13.33,13.6,0,0
"2014-11-09 09:10:00",112,-2.812,-2.785,-2.976,-2.758,-2.659,-2.867,-2.791,-3.524,-2.741,-2.758,-2.561,-2.594,-2.627,-2.758,-2.627,-2.747,-2.583,-2.944,-2.966,-2.72,-2.747,-2.944,-2.976,-2.627,-2.703,-2.987,-2.812,-2.894,14.75,13.7,13.43,13.74,0,0
"2014-11-09 09:20:00",113,-2.797,-2.775,-2.95,-2.709,-2.644,-2.857,-2.791,-3.519,-2.72,-2.736,-2.523,-2.578,-2.6,-2.736,-2.611,-2.742,-2.578,-2.939,-2.917,-2.72,-2.742,-2.933,-2.928,-2.616,-2.665,-2.95,-2.791,-2.862,15.05,13.92,13.53,13.94,0,0
"2014-11-09 09:30:00",114,-2.755,-2.766,-2.919,-2.678,-2.624,-2.842,-2.771,-3.505,-2.689,-2.722,-2.482,-2.558,-2.569,-2.711,-2.58,-2.733,-2.58,-2.924,-2.875,-2.706,-2.711,-2.919,-2.864,-2.602,-2.624,-2.908,-2.755,-2.831,15.37,14.14,13.63,14.14,0,0
"2014-11-09 09:40:00",115,-2.72,-2.715,-2.879,-2.638,-2.595,-2.835,-2.748,-3.481,-2.66,-2.682,-2.464,-2.529,-2.529,-2.677,-2.551,-2.715,-2.551,-2.912,-2.83,-2.682,-2.693,-2.89,-2.813,-2.573,-2.573,-2.868,-2.715,-2.802,15.77,14.36,13.69,14.33,0,0
"2014-11-09 09:50:00",116,-2.685,-2.663,-2.838,-2.592,-2.575,-2.745,-2.717,-3.456,-2.619,-2.641,-2.406,-2.499,-2.488,-2.625,-2.51,-2.696,-2.532,-2.881,-2.739,-2.663,-2.663,-2.87,-2.761,-2.532,-2.515,-2.838,-2.63,-2.783,16.27,15.01,14.09,14.92,0,0
"2014-11-09 10:00:00",117,-2.677,-2.666,-2.808,-2.59,-2.546,-2.754,-2.634,-3.432,-2.579,-2.612,-2.404,-2.47,-2.448,-2.601,-2.481,-2.677,-2.519,-2.863,-2.776,-2.59,-2.623,-2.841,-2.754,-2.492,-2.513,-2.808,-2.59,-2.77,16.91,15.51,14.51,15.42,0,0
"2014-11-09 10:10:00",118,-2.645,-2.629,-2.776,-2.569,-2.514,-2.722,-2.602,-3.389,-2.558,-2.569,-2.373,-2.438,-2.416,-2.558,-2.46,-2.634,-2.487,-2.842,-2.744,-2.569,-2.569,-2.798,-2.722,-2.438,-2.482,-2.809,-2.574,-2.749,17.69,16.23,15.11,16.19,0,0
"2014-11-09 10:20:00",119,-2.629,-2.613,-2.777,-2.558,-2.493,-2.689,-2.575,-3.373,-2.542,-2.558,-2.351,-2.433,-2.4,-2.536,-2.438,-2.624,-2.471,-2.831,-2.733,-2.569,-2.558,-2.777,-2.711,-2.406,-2.482,-2.799,-2.569,-2.733,18.28,16.73,15.47,16.77,0,0
"2014-11-09 10:30:00",120,-2.613,-2.569,-2.766,-2.537,-2.482,-2.646,-2.547,-3.357,-2.531,-2.547,-2.324,-2.417,-2.395,-2.526,-2.427,-2.602,-2.449,-2.81,-2.711,-2.547,-2.547,-2.777,-2.689,-2.384,-2.477,-2.777,-2.553,-2.733,18.76,17.19,15.85,17.31,0,0
"2014-11-09 10:40:00",121,-2.598,-2.527,-2.756,-2.516,-2.461,-2.614,-2.516,-3.347,-2.516,-2.527,-2.298,-2.407,-2.385,-2.494,-2.418,-2.581,-2.418,-2.789,-2.685,-2.527,-2.527,-2.767,-2.658,-2.352,-2.461,-2.745,-2.527,-2.701,19.32,17.65,16.29,17.81,0,0
"2014-11-09 10:50:00",122,-2.57,-2.477,-2.745,-2.483,-2.439,-2.592,-2.472,-3.314,-2.488,-2.516,-2.276,-2.396,-2.374,-2.461,-2.396,-2.559,-2.396,-2.778,-2.668,-2.494,-2.516,-2.745,-2.625,-2.308,-2.439,-2.723,-2.494,-2.679,20.01,18.08,16.72,18.29,0,0
"2014-11-09 11:00:00",123,-2.549,-2.451,-2.74,-2.457,-2.424,-2.587,-2.446,-3.298,-2.478,-2.5,-2.26,-2.38,-2.364,-2.435,-2.38,-2.544,-2.38,-2.751,-2.642,-2.489,-2.5,-2.729,-2.598,-2.282,-2.413,-2.697,-2.473,-2.664,20.81,18.49,17.18,18.74,0,0
"2014-11-09 11:10:00",124,"NAN","NAN",-2.525,-2.416,-2.732,-2.459,-2.405,-2.569,-2.416,-3.279,-2.465,-2.487,-2.241,-2.367,-2.345,-2.394,-2.35,-2.525,-2.356,-2.727,-2.634,-2.459,-2.481,-2.7,-2.569,-2.247,-2.383,-2.667,21.64,18.83,17.6,19.07,0,0
"2014-11-09 11:20:00",125,"NAN","NAN","NAN","NAN","NAN","NAN","NAN","NAN","NAN","NAN",-2.493,-2.384,-2.711,-2.438,-2.384,-2.558,-2.4,-3.258,-2.444,-2.482,-2.231,-2.346,-2.34,-2.362,-2.318,-2.504,-2.329,-2.711,22.46,19.13,18.03,19.36,0,0
"2014-11-09 11:30:00",126,"NAN","NAN","NAN","NAN","NAN","NAN","NAN","NAN","NAN","NAN","NAN","NAN","NAN","NAN","NAN","NAN","NAN","NAN","NAN","NAN","NAN","NAN","NAN","NAN","NAN","NAN","NAN","NAN",23.27,19.4,18.46,19.61,0,0
"2014-11-09 11:40:00",127,"NAN","NAN","NAN","NAN","NAN","NAN","NAN","NAN","NAN","NAN","NAN","NAN","NAN","NAN","NAN","NAN","NAN","NAN","NAN","NAN","NAN","NAN","NAN","NAN","NAN","NAN","NAN","NAN",24.08,19.65,18.85,19.84,0,0
"2014-11-09 11:50:00",128,"NAN","NAN","NAN","NAN","NAN","NAN","NAN","NAN","NAN","NAN","NAN","NAN","NAN","NAN","NAN","NAN","NAN","NAN","NAN","NAN","NAN","NAN","NAN","NAN","NAN","NAN","NAN","NAN",24.9,19.89,18.86,20.03,0,0
"2014-11-09 12:00:00",129,"NAN","NAN","NAN","NAN","NAN","NAN","NAN","NAN","NAN","NAN","NAN","NAN","NAN","NAN","NAN","NAN","NAN","NAN","NAN","NAN","NAN","NAN","NAN","NAN","NAN","NAN","NAN","NAN",25.69,20.16,19.2,20.24,0,0
"2014-11-09 12:10:00",130,"NAN","NAN","NAN","NAN","NAN","NAN","NAN","NAN","NAN","NAN","NAN","NAN","NAN","NAN","NAN","NAN","NAN","NAN","NAN","NAN","NAN","NAN","NAN","NAN","NAN","NAN","NAN","NAN",26.44,20.41,19.6,20.44,0,0
"2014-11-09 12:20:00",131,"NAN","NAN","NAN","NAN","NAN","NAN","NAN","NAN","NAN","NAN","NAN","NAN","NAN","NAN","NAN","NAN","NAN","NAN","NAN","NAN","NAN","NAN","NAN","NAN","NAN","NAN","NAN","NAN",27.02,20.78,20.87,20.91,0,0
"2014-11-09 12:30:00",132,"NAN","NAN","NAN","NAN","NAN","NAN","NAN","NAN","NAN","NAN","NAN","NAN","NAN","NAN","NAN","NAN","NAN","NAN","NAN","NAN","NAN","NAN","NAN","NAN","NAN","NAN","NAN","NAN",27.31,20.95,21.54,21.05,0,0
"2014-11-09 12:40:00",133,"NAN","NAN","NAN","NAN","NAN","NAN","NAN","NAN","NAN","NAN","NAN","NAN","NAN","NAN","NAN","NAN","NAN","NAN","NAN","NAN","NAN","NAN","NAN","NAN","NAN","NAN","NAN","NAN",27.25,20.94,21.59,20.96,0,0
"2014-11-09 12:50:00",134,"NAN","NAN","NAN","NAN","NAN","NAN","NAN","NAN","NAN","NAN",-2.357,-2.302,-2.673,-2.422,-2.226,-2.455,-2.33,-3.154,-2.389,-2.433,-2.166,-2.221,-2.291,-2.193,-2.172,-2.346,-2.215,-2.575,27.21,20.94,21.62,20.91,0,0
"2014-11-09 13:00:00",135,"NAN","NAN","NAN","NAN",-2.356,-2.29,-2.672,-2.421,-2.225,-2.454,-2.323,-3.153,-2.394,-2.432,-2.16,-2.225,-2.29,-2.192,-2.171,-2.345,-2.214,-2.563,-2.503,-2.29,-2.35,-2.541,-2.438,-2.062,27.33,20.99,21.71,20.91,0,0
"2014-11-09 13:10:00",136,"NAN","NAN",-2.342,-2.266,-2.669,-2.413,-2.222,-2.44,-2.32,-3.15,-2.375,-2.429,-2.146,-2.211,-2.288,-2.179,-2.157,-2.342,-2.2,-2.549,-2.506,-2.288,-2.348,-2.528,-2.429,-2.048,-2.233,-2.538,27.61,21.09,21.83,20.96,0,0
"2014-11-09 13:20:00",137,"NAN","NAN",-2.341,-2.254,-2.668,-2.428,-2.199,-2.428,-2.308,-3.138,-2.374,-2.423,-2.145,-2.21,-2.281,-2.161,-2.134,-2.33,-2.199,-2.537,-2.515,-2.275,-2.341,-2.526,-2.444,-2.025,-2.243,-2.537,27.92,21.16,21.98,21.01,0,0
"2014-11-09 13:30:00",138,"NAN","NAN",-2.351,-2.242,-2.679,-2.449,-2.193,-2.406,-2.302,-3.138,-2.373,-2.417,-2.144,-2.193,-2.275,-2.144,-2.122,-2.319,-2.188,-2.526,-2.526,-2.275,-2.335,-2.504,-2.46,-2.024,-2.264,-2.548,28.3,21.25,22.14,21.05,0,0
"2014-11-09 13:40:00",139,-2.362,-2.237,-2.678,-2.482,-2.188,-2.389,-2.286,-3.121,-2.368,-2.422,-2.139,-2.188,-2.275,-2.128,-2.101,-2.308,-2.166,-2.509,-2.558,-2.275,-2.329,-2.493,-2.471,-2.008,-2.275,-2.564,-2.302,-2.537,28.69,21.36,22.3,21.11,0,0
"2014-11-09 13:50:00",140,-2.373,-2.226,-2.689,-2.504,-2.166,-2.384,-2.28,-3.116,-2.362,-2.417,-2.133,-2.188,-2.275,-2.111,-2.09,-2.297,-2.16,-2.504,-2.569,-2.264,-2.329,-2.482,-2.504,-1.992,-2.286,-2.591,-2.291,-2.537,29.05,21.48,22.47,21.19,0,0
"2014-11-09 14:00:00",141,-2.384,-2.231,-2.711,-2.526,-2.166,-2.368,-2.28,-3.116,-2.362,-2.417,-2.144,-2.166,-2.275,-2.111,-2.09,-2.286,-2.16,-2.482,-2.602,-2.264,-2.324,-2.471,-2.526,-1.981,-2.308,-2.602,-2.286,-2.548,29.35,21.55,22.61,21.19,0,0
"2014-11-09 14:10:00",142,-2.4,-2.231,-2.722,-2.548,-2.155,-2.362,-2.28,-3.116,-2.368,-2.417,-2.15,-2.155,-2.275,-2.095,-2.068,-2.286,-2.144,-2.482,-2.613,-2.264,-2.319,-2.46,-2.548,-1.97,-2.319,-2.624,-2.291,-2.548,29.66,21.61,22.74,21.19,0,0
"2014-11-09 14:20:00",143,-2.417,-2.242,-2.733,-2.558,-2.155,-2.373,-2.291,-3.116,-2.368,-2.422,-2.16,-2.16,-2.286,-2.106,-2.073,-2.275,-2.144,-2.482,-2.629,-2.264,-2.313,-2.449,-2.575,-1.97,-2.34,-2.635,-2.308,-2.558,29.83,21.61,22.84,21.13,0,0
"2014-11-09 14:30:00",144,-2.417,-2.264,-2.744,-2.569,-2.155,-2.373,-2.308,-3.116,-2.384,-2.433,-2.177,-2.155,-2.297,-2.122,-2.079,-2.275,-2.155,-2.482,-2.646,-2.275,-2.324,-2.449,-2.591,-1.981,-2.351,-2.646,-2.324,-2.558,29.8,21.53,22.92,21.01,0,0
"2014-11-09 14:40:00",145,-2.428,-2.275,-2.755,-2.58,-2.155,-2.384,-2.324,-3.116,-2.4,-2.449,-2.199,-2.155,-2.319,-2.139,-2.095,-2.275,-2.155,-2.493,-2.646,-2.275,-2.329,-2.46,-2.608,-2.003,-2.351,-2.657,-2.34,-2.569,29.57,21.37,22.96,20.82,0,0
"2014-11-09 14:50:00",146,-2.433,-2.286,-2.76,-2.591,-2.166,-2.384,-2.335,-3.116,-2.411,-2.46,-2.21,-2.166,-2.329,-2.155,-2.111,-2.28,-2.155,-2.493,-2.646,-2.275,-2.329,-2.46,-2.624,-2.013,-2.373,-2.668,-2.357,-2.58,29.25,21.16,22.98,20.6,0,0
"2014-11-09 15:00:00",147,-2.438,-2.302,-2.766,-2.591,-2.171,-2.406,-2.351,-3.116,-2.428,-2.471,-2.231,-2.166,-2.351,-2.182,-2.122,-2.286,-2.177,-2.493,-2.668,-2.286,-2.34,-2.471,-2.624,-2.035,-2.373,-2.668,-2.373,-2.58,28.91,20.96,22.97,20.35,0,0
"2014-11-09 15:10:00",148,-2.444,-2.297,-2.782,-2.602,-2.177,-2.395,-2.357,-3.126,-2.433,-2.493,-2.253,-2.177,-2.357,-2.199,-2.144,-2.286,-2.166,-2.493,-2.678,-2.286,-2.34,-2.471,-2.624,-2.046,-2.384,-2.662,-2.389,-2.58,28.59,20.76,22.96,20.17,0,0
"2014-11-09 15:20:00",149,-2.449,-2.28,-2.788,-2.602,-2.188,-2.378,-2.357,-3.137,-2.444,-2.504,-2.264,-2.177,-2.362,-2.215,-2.155,-2.286,-2.166,-2.493,-2.678,-2.286,-2.357,-2.482,-2.64,-2.046,-2.384,-2.657,-2.4,-2.58,28.41,20.64,22.95,20.04,0,0
"2014-11-09 15:30:00",150,-2.46,-2.275,-2.793,-2.635,-2.199,-2.362,-2.34,-3.143,-2.433,-2.504,-2.286,-2.177,-2.351,-2.242,-2.177,-2.286,-2.16,-2.493,-2.689,-2.286,-2.362,-2.471,-2.657,-2.046,-2.406,-2.646,-2.428,-2.591,28.57,20.65,22.95,20.06,0,0
"2014-11-09 15:40:00",151,-2.471,-2.264,-2.799,-2.635,-2.21,-2.362,-2.329,-3.159,-2.433,-2.493,-2.308,-2.177,-2.351,-2.264,-2.188,-2.286,-2.144,-2.493,-2.711,-2.297,-2.351,-2.471,-2.668,-2.046,-2.417,-2.635,-2.444,-2.602,28.94,20.81,22.95,20.23,0,0
"2014-11-09 15:50:00",152,-2.498,-2.362,-2.799,-2.668,-2.231,-2.46,-2.351,-3.165,-2.411,-2.466,-2.351,-2.177,-2.329,-2.302,-2.231,-2.275,-2.155,-2.548,-2.733,-2.286,-2.308,-2.449,-2.706,-2.068,-2.433,-2.64,-2.504,-2.624,29.41,21.18,23.2,20.61,0,0
"2014-11-09 16:00:00",153,-2.515,-2.357,-2.81,-2.689,-2.253,-2.449,-2.351,-3.17,-2.428,-2.471,-2.373,-2.177,-2.34,-2.335,-2.264,-2.275,-2.166,-2.558,-2.749,-2.297,-2.329,-2.449,-2.722,-2.111,-2.46,-2.646,-2.526,-2.624,29.52,21.32,23.29,20.72,0,0
"2014-11-09 16:10:00",154,-2.537,-2.357,-2.831,-2.7,-2.264,-2.449,-2.373,-3.17,-2.449,-2.471,-2.395,-2.177,-2.362,-2.362,-2.275,-2.286,-2.188,-2.58,-2.766,-2.308,-2.351,-2.444,-2.744,-2.144,-2.471,-2.657,-2.548,-2.635,29.1,21.37,23.2,20.75,0,0
"2014-11-09 16:20:00",155,-2.558,-2.373,-2.836,-2.711,-2.291,-2.454,-2.378,-3.17,-2.471,-2.476,-2.405,-2.193,-2.383,-2.394,-2.307,-2.296,-2.198,-2.591,-2.793,-2.324,-2.362,-2.449,-2.76,-2.182,-2.493,-2.667,-2.569,-2.645,28.46,21.42,23.08,20.75,0,0
"2014-11-09 16:30:00",156,-2.572,-2.381,-2.839,-2.719,-2.294,-2.457,-2.397,-3.173,-2.484,-2.501,-2.413,-2.206,-2.403,-2.408,-2.326,-2.304,-2.195,-2.61,-2.795,-2.337,-2.375,-2.468,-2.774,-2.206,-2.501,-2.675,-2.577,-2.664,27.73,21.4,22.98,20.75,0,0
"2014-11-09 16:40:00",157,-2.585,-2.394,-2.847,-2.716,-2.312,-2.465,-2.41,-3.18,-2.508,-2.503,-2.416,-2.203,-2.41,-2.421,-2.328,-2.301,-2.203,-2.618,-2.803,-2.334,-2.388,-2.476,-2.781,-2.219,-2.519,-2.689,-2.585,-2.661,27,21.33,22.88,20.66,0,0
"2014-11-09 16:50:00",158,-2.581,-2.407,-2.854,-2.712,-2.309,-2.478,-2.429,-3.183,-2.527,-2.516,-2.418,-2.211,-2.429,-2.423,-2.336,-2.309,-2.211,-2.625,-2.805,-2.341,-2.396,-2.494,-2.789,-2.221,-2.516,-2.702,-2.592,-2.658,26.28,21.13,22.76,20.48,0,0
"2014-11-09 17:00:00",0,-2.587,-2.423,-2.86,-2.712,-2.319,-2.494,-2.45,-3.193,-2.538,-2.521,-2.439,-2.232,-2.439,-2.434,-2.352,-2.33,-2.221,-2.636,-2.822,-2.347,-2.418,-2.516,-2.8,-2.232,-2.527,-2.723,-2.598,-2.669,25.62,20.87,22.65,20.17,"NAN","NAN"
"2014-11-09 17:10:00",0,12.84,20.1,-2.598,-2.44,-2.866,-2.713,-2.32,-2.505,-2.467,-3.194,-2.554,-2.538,-2.44,-2.233,-2.462,-2.451,-2.352,-2.331,-2.233,-2.636,-2.822,-2.363,-2.434,-2.538,-2.8,-2.254,-2.538,-2.734,-2.603,-2.68,24.99,20.52,22.51,19.8,"NAN","NAN"
"2014-11-09 17:20:00",1,12.84,19.89,-2.603,-2.472,-2.865,-2.712,-2.341,-2.521,-2.483,-3.204,-2.57,-2.554,-2.439,-2.243,-2.477,-2.45,-2.368,-2.341,-2.254,-2.647,-2.821,-2.363,-2.45,-2.565,-2.81,-2.265,-2.548,-2.756,-2.614,-2.69,24.39,20.12,22.36,19.37,"NAN","NAN"
"2014-11-09 17:30:00",2,12.83,19.7,-2.608,-2.483,-2.865,-2.723,-2.352,-2.537,-2.499,-3.215,-2.581,-2.575,-2.45,-2.265,-2.494,-2.466,-2.384,-2.352,-2.265,-2.663,-2.832,-2.374,-2.461,-2.581,-2.821,-2.292,-2.548,-2.756,-2.619,-2.69,23.84,19.69,22.18,18.93,"NAN","NAN"
"2014-11-09 17:40:00",3,12.85,19.49,-2.614,-2.505,-2.876,-2.734,-2.352,-2.543,-2.527,-3.215,-2.598,-2.587,-2.461,-2.276,-2.505,-2.483,-2.385,-2.374,-2.276,-2.669,-2.833,-2.385,-2.483,-2.609,-2.833,-2.314,-2.565,-2.778,-2.63,-2.701,23.34,19.29,21.98,18.48,"NAN","NAN"
"2014-11-09 17:50:00",4,12.83,19.34,-2.614,-2.516,-2.887,-2.74,-2.374,-2.559,-2.538,-3.232,-2.614,-2.608,-2.467,-2.298,-2.527,-2.494,-2.396,-2.385,-2.298,-2.679,-2.854,-2.396,-2.494,-2.63,-2.832,-2.33,-2.57,-2.789,-2.636,-2.701,22.86,18.89,21.79,18.07,"NAN","NAN"
"2014-11-09 18:00:00",5,12.81,19.21,-2.619,-2.537,-2.898,-2.745,-2.374,-2.57,-2.548,-3.248,-2.619,-2.619,-2.472,-2.297,-2.537,-2.499,-2.406,-2.395,-2.303,-2.69,-2.854,-2.406,-2.515,-2.646,-2.832,-2.341,-2.575,-2.799,-2.646,-2.723,22.45,18.53,21.59,17.7,1.416,0.4248226
"2014-11-09 18:10:00",6,12.8,19.02,-2.63,-2.548,-2.897,-2.744,-2.384,-2.581,-2.559,-3.247,-2.63,-2.619,-2.471,-2.308,-2.537,-2.515,-2.417,-2.406,-2.308,-2.69,-2.854,-2.406,-2.521,-2.652,-2.843,-2.357,-2.581,-2.805,-2.652,-2.723,22.07,18.22,21.37,17.39,1.166,0.3498378
"2014-11-09 18:20:00",7,12.79,18.87,-2.629,-2.564,-2.897,-2.744,-2.384,-2.602,-2.586,-3.258,-2.64,-2.635,-2.482,-2.329,-2.559,-2.526,-2.422,-2.417,-2.329,-2.7,-2.864,-2.417,-2.526,-2.679,-2.842,-2.368,-2.58,-2.821,-2.662,-2.722,21.71,17.93,21.18,17.1,1.134,0.3400613
"2014-11-09 18:30:00",8,12.79,18.71,-2.646,-2.58,-2.897,-2.755,-2.406,-2.608,-2.586,-3.258,-2.646,-2.651,-2.482,-2.329,-2.564,-2.531,-2.438,-2.427,-2.335,-2.711,-2.864,-2.438,-2.548,-2.689,-2.859,-2.384,-2.597,-2.831,-2.668,-2.728,21.35,17.65,20.99,16.8,1.107,0.3320984
"2014-11-09 18:40:00",9,12.78,18.53,-2.646,-2.597,-2.908,-2.755,-2.406,-2.613,-2.602,-3.274,-2.657,-2.651,-2.504,-2.34,-2.569,-2.542,-2.449,-2.449,-2.34,-2.722,-2.87,-2.438,-2.558,-2.711,-2.864,-2.395,-2.602,-2.831,-2.668,-2.733,21.03,17.37,20.78,16.54,0.882,0.2647062
"2014-11-09 18:50:00",10,12.77,18.35,-2.646,-2.613,-2.908,-2.766,-2.417,-2.635,-2.618,-3.28,-2.662,-2.662,-2.504,-2.346,-2.58,-2.553,-2.449,-2.449,-2.362,-2.722,-2.881,-2.449,-2.558,-2.711,-2.875,-2.411,-2.613,-2.842,-2.678,-2.744,20.71,17.13,20.59,16.31,0.682,0.2044924
"2014-11-09 19:00:00",11,12.77,18.12,-2.657,-2.613,-2.908,-2.777,-2.417,-2.646,-2.629,-3.291,-2.673,-2.668,-2.504,-2.362,-2.591,-2.558,-2.46,-2.46,-2.367,-2.733,-2.886,-2.449,-2.58,-2.722,-2.875,-2.427,-2.613,-2.859,-2.684,-2.755,20.42,16.92,20.4,16.11,0.393,0.1177699
"2014-11-09 19:10:00",12,12.76,17.92,-2.662,-2.629,-2.924,-2.782,-2.427,-2.646,-2.646,-3.302,-2.673,-2.684,-2.515,-2.362,-2.597,-2.575,-2.471,-2.477,-2.373,-2.744,-2.897,-2.471,-2.591,-2.744,-2.886,-2.438,-2.624,-2.87,-2.695,-2.755,20.14,16.74,20.22,15.94,0.167,0.05000635
"2014-11-09 19:20:00",13,12.75,17.72,-2.673,-2.646,-2.93,-2.788,-2.438,-2.657,-2.651,-3.302,-2.689,-2.684,-2.52,-2.373,-2.602,-2.575,-2.482,-2.482,-2.389,-2.755,-2.897,-2.477,-2.591,-2.755,-2.892,-2.444,-2.635,-2.875,-2.706,-2.766,19.88,16.58,20.03,15.77,0.041,0.01238081
"2014-11-09 19:30:00",14,12.75,17.51,-2.678,-2.657,-2.93,-2.793,-2.449,-2.678,-2.662,-3.313,-2.689,-2.695,-2.537,-2.384,-2.602,-2.591,-2.487,-2.493,-2.395,-2.755,-2.908,-2.482,-2.602,-2.766,-2.908,-2.46,-2.646,-2.875,-2.711,-2.771,19.62,16.42,19.86,15.6,0.024,0.007066012
"2014-11-09 19:40:00",15,12.75,17.31,-2.688,-2.672,-2.929,-2.798,-2.448,-2.688,-2.678,-3.328,-2.688,-2.694,-2.536,-2.394,-2.612,-2.601,-2.492,-2.492,-2.405,-2.754,-2.907,-2.492,-2.607,-2.776,-2.907,-2.47,-2.65,-2.896,-2.721,-2.776,19.35,16.25,19.68,15.47,0.004,0.001147446
"2014-11-09 19:50:00",16,12.75,17.14,-2.686,-2.675,-2.937,-2.795,-2.457,-2.686,-2.675,-3.331,-2.702,-2.702,-2.544,-2.391,-2.615,-2.604,-2.511,-2.511,-2.413,-2.773,-2.921,-2.495,-2.62,-2.784,-2.915,-2.473,-2.653,-2.904,-2.719,-2.773,19.11,16.09,19.5,15.3,0.001,0.0001811755
"2014-11-09 20:00:00",17,12.74,16.94,-2.695,-2.684,-2.936,-2.805,-2.461,-2.706,-2.69,-3.33,-2.701,-2.701,-2.543,-2.401,-2.63,-2.619,-2.51,-2.521,-2.423,-2.783,-2.93,-2.51,-2.63,-2.794,-2.919,-2.499,-2.674,-2.903,-2.734,-2.794,18.87,15.95,19.34,15.19,0,6.039145E-005
"2014-11-09 20:10:00",18,12.75,16.71,-2.7,-2.7,-2.935,-2.815,-2.476,-2.716,-2.7,-3.34,-2.711,-2.7,-2.553,-2.411,-2.629,-2.629,-2.52,-2.52,-2.433,-2.782,-2.935,-2.509,-2.629,-2.798,-2.93,-2.498,-2.673,-2.913,-2.738,-2.793,18.63,15.82,19.17,15.06,0,6.038964E-005
"2014-11-09 20:20:00",19,12.74,16.51,-2.711,-2.716,-2.941,-2.826,-2.476,-2.716,-2.706,-3.351,-2.716,-2.716,-2.553,-2.422,-2.629,-2.629,-2.531,-2.531,-2.433,-2.787,-2.935,-2.52,-2.64,-2.815,-2.946,-2.514,-2.684,-2.924,-2.749,-2.804,18.4,15.69,19.02,14.92,0,0
"2014-11-09 20:30:00",20,12.74,16.29,-2.717,-2.717,-2.946,-2.826,-2.487,-2.728,-2.722,-3.351,-2.717,-2.722,-2.558,-2.433,-2.64,-2.646,-2.542,-2.553,-2.444,-2.793,-2.941,-2.52,-2.651,-2.826,-2.946,-2.531,-2.684,-2.935,-2.749,-2.804,18.17,15.56,18.85,14.82,0,0
"2014-11-09 20:40:00",21,12.74,16.09,-2.728,-2.733,-2.946,-2.831,-2.487,-2.749,-2.733,-3.362,-2.728,-2.733,-2.575,-2.433,-2.64,-2.662,-2.553,-2.553,-2.449,-2.815,-2.946,-2.537,-2.662,-2.826,-2.957,-2.531,-2.706,-2.935,-2.76,-2.815,17.95,15.42,18.7,14.68,0,0
"2014-11-09 20:50:00",22,12.74,15.92,-2.725,-2.742,-2.944,-2.835,-2.507,-2.747,-2.731,-3.371,-2.725,-2.731,-2.572,-2.441,-2.638,-2.66,-2.551,-2.562,-2.463,-2.813,-2.96,-2.54,-2.66,-2.846,-2.96,-2.54,-2.714,-2.944,-2.764,-2.824,17.72,15.28,18.55,14.54,0,0
"2014-11-09 21:00:00",23,12.74,15.75,-2.734,-2.745,-2.964,-2.832,-2.505,-2.756,-2.745,-3.38,-2.734,-2.728,-2.581,-2.45,-2.641,-2.668,-2.565,-2.559,-2.461,-2.81,-2.964,-2.548,-2.668,-2.854,-2.969,-2.554,-2.712,-2.942,-2.778,-2.832,17.51,15.15,18.39,14.42,0,0
"2014-11-09 21:10:00",24,12.73,15.58,-2.739,-2.755,-2.963,-2.843,-2.515,-2.755,-2.75,-3.379,-2.739,-2.733,-2.58,-2.455,-2.657,-2.673,-2.569,-2.575,-2.471,-2.821,-2.968,-2.548,-2.673,-2.854,-2.974,-2.559,-2.722,-2.952,-2.777,-2.832,17.33,15.01,18.25,14.3,0,0
"2014-11-09 21:20:00",25,12.73,15.41,-2.755,-2.76,-2.963,-2.853,-2.515,-2.777,-2.76,-3.379,-2.739,-2.739,-2.58,-2.46,-2.657,-2.684,-2.58,-2.58,-2.471,-2.832,-2.974,-2.548,-2.689,-2.864,-2.985,-2.558,-2.728,-2.963,-2.788,-2.832,17.13,14.88,18.1,14.16,0,0
"2014-11-09 21:30:00",26,12.73,15.24,-2.755,-2.771,-2.974,-2.853,-2.526,-2.777,-2.76,-3.39,-2.744,-2.744,-2.597,-2.471,-2.657,-2.689,-2.58,-2.591,-2.493,-2.837,-2.985,-2.564,-2.689,-2.87,-2.99,-2.575,-2.744,-2.974,-2.788,-2.842,16.93,14.75,17.97,14.06,0,0
"2014-11-09 21:40:00",27,12.73,15.12,-2.755,-2.777,-2.974,-2.853,-2.537,-2.788,-2.777,-3.395,-2.755,-2.75,-2.602,-2.477,-2.668,-2.7,-2.591,-2.591,-2.498,-2.848,-2.985,-2.569,-2.7,-2.886,-3.001,-2.591,-2.744,-2.974,-2.799,-2.842,16.76,14.63,17.81,13.92,0,0
"2014-11-09 21:50:00",28,12.73,14.97,-2.766,-2.788,-2.974,-2.864,-2.537,-2.788,-2.777,-3.406,-2.755,-2.76,-2.602,-2.482,-2.668,-2.7,-2.602,-2.602,-2.504,-2.853,-2.99,-2.58,-2.7,-2.886,-3.001,-2.591,-2.744,-2.974,-2.804,-2.864,16.58,14.5,17.7,13.81,0,0
"2014-11-09 22:00:00",29,12.73,14.88,-2.777,-2.788,-2.979,-2.864,-2.547,-2.799,-2.788,-3.412,-2.76,-2.76,-2.613,-2.493,-2.668,-2.717,-2.613,-2.613,-2.504,-2.853,-2.996,-2.58,-2.706,-2.897,-3.006,-2.597,-2.755,-2.985,-2.804,-2.864,16.43,14.37,17.56,13.69,0,0
"2014-11-09 22:10:00",30,12.72,14.75,-2.777,-2.793,-2.99,-2.864,-2.547,-2.81,-2.793,-3.417,-2.771,-2.76,-2.613,-2.493,-2.679,-2.717,-2.613,-2.624,-2.504,-2.864,-3.006,-2.58,-2.722,-2.897,-3.017,-2.602,-2.76,-2.985,-2.815,-2.864,16.27,14.27,17.43,13.6,0,6.039927E-005
"2014-11-09 22:20:00",31,12.72,14.66,-2.788,-2.804,-2.996,-2.875,-2.553,-2.81,-2.793,-3.423,-2.771,-2.771,-2.613,-2.504,-2.679,-2.733,-2.613,-2.624,-2.509,-2.864,-3.006,-2.591,-2.722,-2.908,-3.017,-2.608,-2.771,-2.985,-2.821,-2.875,16.13,14.17,17.32,13.49,0,0
"2014-11-09 22:30:00",32,12.72,14.61,-2.788,-2.804,-2.996,-2.875,-2.558,-2.81,-2.793,-3.423,-2.771,-2.771,-2.613,-2.504,-2.689,-2.733,-2.613,-2.624,-2.526,-2.87,-3.006,-2.597,-2.722,-2.919,-3.023,-2.613,-2.777,-2.99,-2.821,-2.875,16.01,14.06,17.2,13.39,0,0
"2014-11-09 22:40:00",33,12.72,14.56,-2.787,-2.809,-3,-2.874,-2.568,-2.82,-2.792,-3.427,-2.771,-2.771,-2.612,-2.503,-2.689,-2.732,-2.623,-2.634,-2.525,-2.874,-3.011,-2.601,-2.732,-2.918,-3.027,-2.623,-2.776,-3,-2.82,-2.874,15.9,13.94,17.1,13.28,0,6.040294E-005
"2014-11-09 22:50:00",34,12.72,14.54,-2.793,-2.809,-3.006,-2.875,-2.569,-2.82,-2.804,-3.433,-2.771,-2.777,-2.613,-2.514,-2.695,-2.733,-2.629,-2.635,-2.525,-2.88,-3.017,-2.602,-2.733,-2.919,-3.034,-2.624,-2.777,-3.006,-2.82,-2.88,15.8,13.81,16.99,13.17,0,0
"2014-11-09 23:00:00",35,12.72,14.54,-2.798,-2.809,-3.006,-2.88,-2.58,-2.82,-2.809,-3.433,-2.776,-2.782,-2.618,-2.525,-2.7,-2.743,-2.634,-2.645,-2.525,-2.886,-3.017,-2.612,-2.733,-2.929,-3.033,-2.623,-2.776,-3.006,-2.825,-2.891,15.73,13.69,16.88,13.06,0,0
"2014-11-09 23:10:00",36,12.71,14.56,-2.798,-2.809,-3.006,-2.885,-2.58,-2.82,-2.809,-3.438,-2.787,-2.782,-2.623,-2.525,-2.7,-2.743,-2.634,-2.651,-2.53,-2.885,-3.017,-2.612,-2.738,-2.929,-3.033,-2.623,-2.776,-3.006,-2.831,-2.896,15.66,13.54,16.77,12.92,0,0
"2014-11-09 23:20:00",37,12.71,14.56,-2.798,-2.809,-3.006,-2.886,-2.58,-2.82,-2.809,-3.439,-2.787,-2.787,-2.624,-2.525,-2.7,-2.749,-2.634,-2.656,-2.536,-2.886,-3.023,-2.613,-2.755,-2.93,-3.039,-2.624,-2.776,-3.006,-2.837,-2.897,15.61,13.37,16.66,12.78,0,0
"2014-11-09 23:30:00",38,12.71,14.61,-2.798,-2.809,-3.017,-2.885,-2.579,-2.82,-2.809,-3.444,-2.787,-2.792,-2.629,-2.525,-2.7,-2.749,-2.634,-2.656,-2.53,-2.885,-3.022,-2.612,-2.754,-2.929,-3.033,-2.623,-2.787,-3.006,-2.831,-2.896,15.54,13.22,16.58,12.63,0,0
"2014-11-09 23:40:00",39,12.71,14.64,-2.798,-2.809,-3.023,-2.897,-2.58,-2.82,-2.809,-3.455,-2.804,-2.798,-2.635,-2.531,-2.706,-2.749,-2.635,-2.656,-2.536,-2.886,-3.028,-2.613,-2.755,-2.93,-3.034,-2.624,-2.777,-3.017,-2.837,-2.897,15.5,13.06,16.46,12.5,0,0
"2014-11-09 23:50:00",40,12.71,14.64,-2.799,-2.81,-3.028,-2.897,-2.58,-2.82,-2.81,-3.455,-2.804,-2.804,-2.635,-2.536,-2.722,-2.749,-2.635,-2.657,-2.536,-2.886,-3.028,-2.635,-2.755,-2.93,-3.034,-2.624,-2.777,-3.017,-2.842,-2.897,15.45,12.93,16.36,12.37,0,0
"2014-11-10 00:00:00",41,12.71,14.61,-2.799,-2.81,-3.028,-2.897,-2.591,-2.821,-2.81,-3.455,-2.804,-2.804,-2.635,-2.537,-2.722,-2.75,-2.635,-2.662,-2.537,-2.886,-3.028,-2.635,-2.755,-2.941,-3.034,-2.624,-2.788,-3.017,-2.842,-2.897,15.4,12.79,16.25,12.26,0,0
"2014-11-10 00:10:00",42,12.71,14.56,-2.799,-2.81,-3.034,-2.908,-2.602,-2.826,-2.826,-3.466,-2.804,-2.81,-2.646,-2.537,-2.722,-2.75,-2.635,-2.668,-2.537,-2.886,-3.028,-2.635,-2.766,-2.941,-3.039,-2.624,-2.788,-3.017,-2.842,-2.897,15.34,12.68,16.14,12.15,0,0
"2014-11-10 00:20:00",43,12.71,14.54,-2.809,-2.815,-3.039,-2.907,-2.602,-2.836,-2.825,-3.466,-2.804,-2.815,-2.645,-2.547,-2.727,-2.749,-2.634,-2.667,-2.536,-2.897,-3.039,-2.634,-2.771,-2.94,-3.039,-2.623,-2.787,-3.033,-2.842,-2.897,15.26,12.58,16.03,12.04,0,0
"2014-11-10 00:30:00",44,12.71,14.52,-2.814,-2.82,-3.039,-2.907,-2.601,-2.842,-2.825,-3.466,-2.82,-2.814,-2.645,-2.547,-2.733,-2.76,-2.64,-2.672,-2.541,-2.896,-3.039,-2.645,-2.776,-2.951,-3.039,-2.634,-2.798,-3.039,-2.842,-2.896,15.19,12.46,15.92,11.93,0,0
"2014-11-10 00:40:00",45,12.71,14.49,-2.815,-2.82,-3.039,-2.919,-2.602,-2.842,-2.826,-3.466,-2.82,-2.815,-2.651,-2.547,-2.733,-2.766,-2.64,-2.684,-2.547,-2.897,-3.039,-2.645,-2.776,-2.951,-3.039,-2.64,-2.798,-3.039,-2.842,-2.897,15.09,12.36,15.84,11.86,0,0
"2014-11-10 00:50:00",46,12.71,14.47,-2.819,-2.819,-3.038,-2.918,-2.606,-2.841,-2.825,-3.471,-2.819,-2.819,-2.656,-2.557,-2.732,-2.765,-2.645,-2.688,-2.552,-2.896,-3.038,-2.645,-2.781,-2.951,-3.038,-2.639,-2.798,-3.044,-2.852,-2.907,15.02,12.3,15.73,11.82,0,0
"2014-11-10 01:00:00",47,12.7,14.42,-2.819,-2.819,-3.038,-2.918,-2.612,-2.852,-2.825,-3.482,-2.819,-2.819,-2.655,-2.557,-2.732,-2.765,-2.644,-2.688,-2.557,-2.896,-3.038,-2.65,-2.786,-2.95,-3.043,-2.644,-2.797,-3.049,-2.847,-2.907,14.93,12.26,15.62,11.78,0,0
"2014-11-10 01:10:00",48,12.7,14.37,-2.819,-2.819,-3.038,-2.918,-2.612,-2.852,-2.825,-3.481,-2.819,-2.819,-2.655,-2.557,-2.732,-2.764,-2.644,-2.688,-2.557,-2.907,-3.038,-2.655,-2.786,-2.95,-3.049,-2.65,-2.803,-3.049,-2.852,-2.907,14.85,12.26,15.53,11.82,0,0
"2014-11-10 01:20:00",49,12.7,14.32,-2.819,-2.835,-3.037,-2.911,-2.611,-2.851,-2.829,-3.492,-2.829,-2.824,-2.655,-2.556,-2.731,-2.764,-2.644,-2.693,-2.556,-2.911,-3.037,-2.66,-2.786,-2.961,-3.048,-2.655,-2.808,-3.048,-2.851,-2.906,14.76,12.26,15.45,11.86,0,0
"2014-11-10 01:30:00",50,12.7,14.23,-2.821,-2.832,-3.035,-2.914,-2.608,-2.849,-2.838,-3.495,-2.827,-2.816,-2.652,-2.559,-2.728,-2.767,-2.641,-2.696,-2.565,-2.914,-3.046,-2.663,-2.783,-2.958,-3.046,-2.652,-2.805,-3.046,-2.849,-2.903,14.67,12.26,15.36,11.86,0,6.040624E-005
"2014-11-10 01:40:00",51,12.7,14.16,-2.826,-2.837,-3.034,-2.913,-2.618,-2.859,-2.837,-3.494,-2.831,-2.82,-2.651,-2.564,-2.727,-2.771,-2.645,-2.695,-2.564,-2.913,-3.044,-2.662,-2.782,-2.962,-3.055,-2.651,-2.804,-3.044,-2.848,-2.913,14.55,12.24,15.28,11.86,0,6.040684E-005
"2014-11-10 01:50:00",52,12.7,14.09,-2.823,-2.845,-3.031,-2.911,-2.627,-2.856,-2.834,-3.491,-2.829,-2.812,-2.648,-2.561,-2.725,-2.774,-2.648,-2.703,-2.561,-2.922,-3.042,-2.67,-2.78,-2.965,-3.053,-2.654,-2.801,-3.042,-2.851,-2.916,14.45,12.22,15.19,11.86,0,6.040653E-005
"2014-11-10 02:00:00",53,12.7,13.99,-2.833,-2.844,-3.041,-2.909,-2.625,-2.866,-2.844,-3.49,-2.827,-2.816,-2.658,-2.571,-2.734,-2.773,-2.658,-2.713,-2.565,-2.92,-3.041,-2.669,-2.789,-2.964,-3.057,-2.658,-2.811,-3.052,-2.86,-2.92,14.33,12.2,15.1,11.82,0,6.040594E-005
"2014-11-10 02:10:00",54,12.7,13.92,-2.838,-2.843,-3.04,-2.909,-2.625,-2.876,-2.849,-3.489,-2.827,-2.821,-2.657,-2.57,-2.745,-2.783,-2.663,-2.712,-2.581,-2.92,-3.046,-2.668,-2.789,-2.974,-3.056,-2.663,-2.81,-3.056,-2.86,-2.92,14.21,12.16,15.02,11.78,0,0
"2014-11-10 02:20:00",55,12.7,13.8,-2.837,-2.854,-3.04,-2.919,-2.635,-2.875,-2.848,-3.494,-2.826,-2.826,-2.657,-2.58,-2.744,-2.788,-2.668,-2.711,-2.58,-2.919,-3.045,-2.668,-2.788,-2.974,-3.067,-2.679,-2.81,-3.056,-2.865,-2.93,14.11,12.11,14.94,11.75,0,6.040576E-005
"2014-11-10 02:30:00",56,12.7,13.68,-2.843,-2.859,-3.045,-2.919,-2.635,-2.875,-2.848,-3.5,-2.826,-2.826,-2.662,-2.58,-2.744,-2.788,-2.668,-2.722,-2.591,-2.941,-3.061,-2.679,-2.788,-2.985,-3.072,-2.679,-2.821,-3.072,-2.87,-2.93,13.99,12.05,14.86,11.67,0,0
"2014-11-10 02:40:00",57,12.7,13.59,-2.842,-2.859,-3.045,-2.919,-2.635,-2.886,-2.859,-3.5,-2.826,-2.826,-2.668,-2.58,-2.744,-2.799,-2.668,-2.722,-2.591,-2.941,-3.061,-2.679,-2.799,-2.985,-3.072,-2.679,-2.832,-3.072,-2.875,-2.93,13.88,11.99,14.78,11.6,0,0
"2014-11-10 02:50:00",58,12.7,13.49,-2.853,-2.875,-3.05,-2.93,-2.64,-2.886,-2.859,-3.5,-2.837,-2.832,-2.668,-2.591,-2.744,-2.799,-2.679,-2.722,-2.591,-2.952,-3.061,-2.684,-2.81,-2.996,-3.083,-2.679,-2.832,-3.072,-2.875,-2.941,13.77,11.93,14.7,11.54,0,0
"2014-11-10 03:00:00",59,12.7,13.38,-2.853,-2.875,-3.056,-2.93,-2.646,-2.886,-2.864,-3.511,-2.842,-2.837,-2.668,-2.591,-2.755,-2.799,-2.679,-2.733,-2.602,-2.952,-3.072,-2.684,-2.81,-2.996,-3.083,-2.689,-2.832,-3.072,-2.875,-2.941,13.67,11.88,14.61,11.48,0,0
"2014-11-10 03:10:00",60,12.7,13.28,-2.864,-2.881,-3.061,-2.93,-2.657,-2.908,-2.875,-3.516,-2.842,-2.837,-2.668,-2.602,-2.755,-2.804,-2.684,-2.744,-2.613,-2.952,-3.072,-2.695,-2.81,-2.996,-3.083,-2.689,-2.842,-3.072,-2.886,-2.941,13.56,11.82,14.53,11.41,0,0
"2014-11-10 03:20:00",61,12.7,13.16,-2.864,-2.886,-3.061,-2.93,-2.657,-2.908,-2.875,-3.516,-2.848,-2.837,-2.673,-2.602,-2.755,-2.815,-2.7,-2.744,-2.613,-2.952,-3.072,-2.7,-2.81,-2.996,-3.094,-2.706,-2.842,-3.083,-2.886,-2.946,13.46,11.77,14.45,11.35,0,0
"2014-11-10 03:30:00",62,12.7,13.05,-2.864,-2.886,-3.061,-2.93,-2.668,-2.908,-2.875,-3.522,-2.853,-2.837,-2.679,-2.608,-2.755,-2.815,-2.7,-2.744,-2.618,-2.963,-3.072,-2.7,-2.821,-3.001,-3.1,-2.711,-2.842,-3.083,-2.892,-2.957,13.36,11.71,14.38,11.3,0,0
"2014-11-10 03:40:00",63,12.7,12.95,-2.864,-2.892,-3.061,-2.941,-2.668,-2.919,-2.881,-3.522,-2.853,-2.842,-2.689,-2.613,-2.755,-2.815,-2.7,-2.755,-2.624,-2.963,-3.078,-2.7,-2.821,-3.018,-3.1,-2.711,-2.853,-3.083,-2.897,-2.963,13.26,11.65,14.3,11.22,0,0
"2014-11-10 03:50:00",64,12.7,12.86,-2.881,-2.903,-3.061,-2.941,-2.668,-2.919,-2.892,-3.527,-2.853,-2.842,-2.695,-2.613,-2.76,-2.832,-2.706,-2.755,-2.624,-2.979,-3.089,-2.7,-2.821,-3.018,-3.116,-2.711,-2.859,-3.089,-2.903,-2.963,13.17,11.6,14.22,11.18,0,0
"2014-11-10 04:00:00",65,12.69,12.74,-2.881,-2.908,-3.067,-2.941,-2.668,-2.919,-2.892,-3.533,-2.859,-2.848,-2.7,-2.618,-2.766,-2.832,-2.711,-2.755,-2.624,-2.985,-3.089,-2.711,-2.821,-3.018,-3.116,-2.722,-2.864,-3.094,-2.908,-2.974,13.06,11.55,14.14,11.11,0,0
"2014-11-10 04:10:00",66,12.69,12.58,-2.892,-2.919,-3.072,-2.963,-2.679,-2.93,-2.903,-3.533,-2.859,-2.859,-2.7,-2.624,-2.766,-2.832,-2.711,-2.766,-2.635,-2.985,-3.105,-2.711,-2.826,-3.028,-3.116,-2.722,-2.864,-3.1,-2.908,-2.974,12.98,11.5,14.07,11.07,0,0
"2014-11-10 04:20:00",67,12.69,12.46,-2.897,-2.919,-3.072,-2.963,-2.679,-2.935,-2.908,-3.533,-2.87,-2.853,-2.7,-2.624,-2.766,-2.842,-2.722,-2.766,-2.646,-2.99,-3.105,-2.711,-2.837,-3.028,-3.127,-2.728,-2.875,-3.1,-2.919,-2.974,12.88,11.45,13.99,11.02,0,0
"2014-11-10 04:30:00",68,12.69,12.3,-2.897,-2.93,-3.072,-2.963,-2.689,-2.952,-2.908,-3.543,-2.87,-2.864,-2.7,-2.624,-2.766,-2.848,-2.733,-2.777,-2.657,-2.996,-3.105,-2.711,-2.837,-3.028,-3.132,-2.739,-2.875,-3.105,-2.919,-2.974,12.78,11.38,13.91,10.96,0.001,0.0001812299
"2014-11-10 04:40:00",69,12.69,12.14,-2.897,-2.935,-3.072,-2.963,-2.695,-2.952,-2.919,-3.543,-2.87,-2.87,-2.711,-2.629,-2.777,-2.848,-2.733,-2.777,-2.657,-2.996,-3.105,-2.728,-2.842,-3.039,-3.132,-2.744,-2.881,-3.116,-2.93,-2.985,12.67,11.32,13.83,10.88,0.003,0.0009665499
"2014-11-10 04:50:00",70,12.69,11.98,-2.908,-2.952,-3.083,-2.974,-2.7,-2.963,-2.925,-3.543,-2.881,-2.87,-2.711,-2.646,-2.788,-2.864,-2.744,-2.788,-2.668,-3.007,-3.116,-2.733,-2.853,-3.045,-3.149,-2.755,-2.886,-3.116,-2.93,-2.996,12.55,11.23,13.74,10.79,0.018,0.005255629
"2014-11-10 05:00:00",71,12.69,11.82,-2.908,-2.952,-3.094,-2.974,-2.7,-2.963,-2.935,-3.543,-2.881,-2.87,-2.733,-2.646,-2.788,-2.864,-2.744,-2.788,-2.668,-3.018,-3.116,-2.733,-2.853,-3.061,-3.149,-2.76,-2.903,-3.127,-2.93,-3.007,12.42,11.15,13.67,10.69,0.04,0.01214195
"2014-11-10 05:10:00",72,12.69,11.68,-2.924,-2.962,-3.094,-2.984,-2.711,-2.973,-2.935,-3.543,-2.886,-2.88,-2.733,-2.656,-2.787,-2.875,-2.754,-2.798,-2.678,-3.022,-3.126,-2.733,-2.853,-3.061,-3.159,-2.765,-2.908,-3.126,-2.946,-3.006,12.28,11.05,13.57,10.58,0.096,0.02875361
"2014-11-10 05:20:00",73,12.69,11.54,-2.929,-2.961,-3.104,-2.983,-2.71,-2.983,-2.945,-3.559,-2.885,-2.879,-2.732,-2.655,-2.797,-2.874,-2.765,-2.797,-2.688,-3.027,-3.137,-2.743,-2.858,-3.06,-3.159,-2.77,-2.907,-3.126,-2.951,-3.005,12.15,10.97,13.49,10.48,0.209,0.06264229
"2014-11-10 05:30:00",74,12.69,11.45,-2.929,-2.967,-3.104,-2.995,-2.71,-2.984,-2.951,-3.559,-2.896,-2.885,-2.732,-2.656,-2.798,-2.88,-2.776,-2.798,-2.688,-3.033,-3.137,-2.743,-2.863,-3.071,-3.175,-2.781,-2.918,-3.126,-2.951,-3.017,12.02,10.88,13.41,10.38,0.344,0.1030532
"2014-11-10 05:40:00",75,12.69,11.36,-2.937,-2.97,-3.101,-2.992,-2.729,-2.981,-2.948,-3.572,-2.899,-2.893,-2.74,-2.653,-2.795,-2.888,-2.773,-2.8,-2.685,-3.035,-3.134,-2.74,-2.86,-3.068,-3.178,-2.784,-2.915,-3.123,-2.959,-3.013,11.91,10.79,13.32,10.31,0.322,0.09652952
"2014-11-10 05:50:00",76,12.69,11.31,-2.936,-2.974,-3.1,-2.991,-2.728,-2.991,-2.947,-3.572,-2.898,-2.898,-2.739,-2.674,-2.794,-2.887,-2.772,-2.805,-2.69,-3.034,-3.138,-2.739,-2.859,-3.067,-3.177,-2.783,-2.92,-3.138,-2.958,-3.013,11.81,10.73,13.24,10.25,0.308,0.09248475
"2014-11-10 06:00:00",77,12.69,11.27,-2.935,-2.979,-3.099,-2.989,-2.727,-2.989,-2.946,-3.57,-2.896,-2.896,-2.738,-2.672,-2.793,-2.891,-2.771,-2.814,-2.694,-3.033,-3.137,-2.749,-2.864,-3.066,-3.176,-2.782,-2.918,-3.137,-2.957,-3.017,11.73,10.67,13.18,10.21,0.327,0.09810197
"2014-11-10 06:10:00",78,12.7,11.24,-2.935,-2.978,-3.099,-2.989,-2.727,-2.989,-2.951,-3.57,-2.896,-2.896,-2.738,-2.672,-2.792,-2.891,-2.77,-2.814,-2.694,-3.033,-3.143,-2.754,-2.88,-3.077,-3.175,-2.781,-2.918,-3.143,-2.956,-3.028,11.67,10.64,13.1,10.19,0.455,0.1365274
"2014-11-10 06:20:00",79,12.71,11.24,-2.941,-2.957,-3.11,-2.99,-2.738,-2.99,-2.952,-3.582,-2.897,-2.897,-2.738,-2.684,-2.804,-2.891,-2.782,-2.826,-2.695,-3.056,-3.143,-2.76,-2.881,-3.088,-3.176,-2.793,-2.924,-3.132,-2.957,-3.023,11.57,10.38,12.79,10,0.657,0.1970589
"2014-11-10 06:30:00",80,12.77,11.29,-2.935,-2.951,-3.11,-2.989,-2.738,-2.989,-2.946,-3.581,-2.896,-2.896,-2.727,-2.678,-2.803,-2.891,-2.776,-2.82,-2.689,-3.05,-3.143,-2.765,-2.88,-3.088,-3.176,-2.782,-2.924,-3.132,-2.957,-3.022,11.55,10.37,12.73,10.04,"NAN","NAN"
"2014-11-10 06:40:00",81,12.77,11.43,-2.935,-2.946,-3.099,-2.979,-2.738,-2.979,-2.935,-3.582,-2.886,-2.886,-2.728,-2.678,-2.799,-2.892,-2.771,-2.826,-2.684,-3.045,-3.132,-2.76,-2.87,-3.089,-3.176,-2.782,-2.924,-3.132,-2.946,-3.023,11.57,10.44,12.72,10.11,"NAN","NAN"
"2014-11-10 06:50:00",82,12.78,11.61,-2.925,-2.936,-3.1,-2.958,-2.739,-2.968,-2.925,-3.582,-2.886,-2.87,-2.717,-2.673,-2.783,-2.892,-2.772,-2.815,-2.684,-3.045,-3.133,-2.761,-2.87,-3.072,-3.165,-2.772,-2.908,-3.111,-2.947,-3.018,11.67,10.56,12.73,10.27,"NAN","NAN"
"2014-11-10 07:00:00",83,12.8,11.82,-2.927,-2.921,-3.102,-2.959,-2.73,-2.97,-2.916,-3.573,-2.888,-2.866,-2.708,-2.675,-2.784,-2.883,-2.763,-2.817,-2.686,-3.047,-3.124,-2.763,-2.872,-3.069,-3.162,-2.773,-2.905,-3.113,-2.938,-3.014,11.83,10.72,12.76,10.46,"NAN","NAN"
"2014-11-10 07:10:00",84,12.78,12,-2.929,-2.918,-3.093,-2.951,-2.732,-2.962,-2.912,-3.575,-2.874,-2.869,-2.699,-2.677,-2.776,-2.88,-2.765,-2.819,-2.677,-3.033,-3.109,-2.765,-2.852,-3.06,-3.148,-2.765,-2.896,-3.104,-2.923,-3.016,12.01,10.91,12.79,10.69,1.024,0.3070568
"2014-11-10 07:20:00",85,12.78,12.19,-2.919,-2.919,-3.094,-2.93,-2.733,-2.962,-2.897,-3.576,-2.859,-2.859,-2.689,-2.673,-2.777,-2.864,-2.755,-2.82,-2.678,-3.028,-3.105,-2.755,-2.853,-3.061,-3.138,-2.744,-2.891,-3.105,-2.919,-3.006,12.2,11.08,12.84,10.92,1.328,0.3983302
"2014-11-10 07:30:00",86,12.8,12.37,-2.919,-2.908,-3.072,-2.93,-2.733,-2.952,-2.897,-3.576,-2.859,-2.842,-2.689,-2.668,-2.755,-2.864,-2.744,-2.81,-2.673,-3.017,-3.105,-2.755,-2.842,-3.061,-3.132,-2.744,-2.881,-3.105,-2.919,-3.007,12.36,11.25,12.88,11.11,"NAN","NAN"
"2014-11-10 07:40:00",87,12.87,12.56,-2.914,-2.897,-3.072,-2.919,-2.722,-2.941,-2.886,-3.565,-2.859,-2.837,-2.679,-2.668,-2.755,-2.859,-2.733,-2.81,-2.668,-3.017,-3.094,-2.755,-2.842,-3.05,-3.121,-2.733,-2.881,-3.105,-2.908,-2.996,12.51,11.42,12.93,11.3,"NAN","NAN"
"2014-11-10 07:50:00",88,12.92,12.81,-2.903,-2.886,-3.061,-2.908,-2.722,-2.941,-2.886,-3.565,-2.842,-2.832,-2.668,-2.668,-2.744,-2.848,-2.728,-2.81,-2.657,-3.017,-3.083,-2.755,-2.832,-3.045,-3.116,-2.717,-2.864,-3.094,-2.903,-2.99,12.71,11.58,12.99,11.45,"NAN","NAN"
"2014-11-10 08:00:00",89,13,13.09,-2.892,-2.864,-3.061,-2.892,-2.722,-2.93,-2.87,-3.56,-2.832,-2.826,-2.646,-2.646,-2.744,-2.832,-2.722,-2.799,-2.646,-3.007,-3.078,-2.739,-2.826,-3.028,-3.094,-2.711,-2.853,-3.083,-2.897,-2.985,12.94,11.75,13.05,11.67,"NAN","NAN"
"2014-11-10 08:10:00",90,12.96,13.42,-2.881,-2.848,-3.05,-2.875,-2.7,-2.919,-2.853,-3.554,-2.826,-2.815,-2.646,-2.646,-2.733,-2.821,-2.7,-2.788,-2.635,-2.985,-3.061,-2.733,-2.81,-3.017,-3.083,-2.689,-2.842,-3.061,-2.875,-2.968,13.23,11.95,13.11,11.86,"NAN","NAN"
"2014-11-10 08:20:00",91,13.03,13.73,-2.875,-2.832,-3.028,-2.864,-2.689,-2.897,-2.842,-3.554,-2.815,-2.799,-2.618,-2.635,-2.711,-2.81,-2.689,-2.777,-2.635,-2.985,-3.05,-2.722,-2.81,-3.007,-3.061,-2.679,-2.821,-3.05,-2.864,-2.952,13.58,12.16,13.18,12.12,"NAN","NAN"
"2014-11-10 08:30:00",92,13.06,14.06,-2.853,-2.815,-3.028,-2.842,-2.689,-2.897,-2.826,-3.538,-2.799,-2.782,-2.613,-2.635,-2.7,-2.799,-2.679,-2.777,-2.613,-2.974,-3.034,-2.722,-2.799,-2.996,-3.045,-2.657,-2.81,-3.039,-2.853,-2.952,13.93,12.36,13.27,12.34,"NAN","NAN"
"2014-11-10 08:40:00",93,13.28,14.37,-2.845,-2.801,-3.02,-2.834,-2.681,-2.889,-2.823,-3.535,-2.785,-2.785,-2.605,-2.616,-2.703,-2.79,-2.659,-2.769,-2.605,-2.965,-3.02,-2.714,-2.79,-2.987,-3.031,-2.637,-2.79,-3.02,-2.84,-2.938,14.29,12.57,13.35,12.56,"NAN","NAN"
"2014-11-10 08:50:00",94,13.42,14.66,-2.839,-2.795,-3.014,-2.828,-2.664,-2.872,-2.806,-3.529,-2.779,-2.779,-2.588,-2.609,-2.686,-2.779,-2.653,-2.762,-2.599,-2.948,-3.014,-2.719,-2.784,-2.981,-3.014,-2.631,-2.784,-3.014,-2.828,-2.926,14.63,12.75,13.46,12.74,"NAN","NAN"
"2014-11-10 09:00:00",95,13.13,15,-2.831,-2.77,-3,-2.809,-2.667,-2.863,-2.803,-3.531,-2.781,-2.76,-2.579,-2.612,-2.678,-2.765,-2.634,-2.754,-2.59,-2.94,-3.006,-2.71,-2.776,-2.962,-2.995,-2.612,-2.765,-3.006,-2.82,-2.907,14.99,12.96,13.56,12.92,"NAN","NAN"
"2014-11-10 09:10:00",96,13.19,15.31,-2.809,-2.755,-2.995,-2.798,-2.656,-2.853,-2.782,-3.521,-2.766,-2.76,-2.569,-2.602,-2.667,-2.749,-2.624,-2.744,-2.58,-2.935,-2.984,-2.7,-2.771,-2.952,-2.984,-2.602,-2.744,-2.973,-2.804,-2.908,15.35,13.15,13.68,13.13,"NAN","NAN"
"2014-11-10 09:20:00",97,13.33,15.6,-2.799,-2.733,-2.985,-2.788,-2.646,-2.831,-2.777,-3.51,-2.749,-2.744,-2.547,-2.58,-2.646,-2.722,-2.602,-2.733,-2.569,-2.924,-2.974,-2.689,-2.766,-2.941,-2.952,-2.575,-2.722,-2.963,-2.788,-2.875,15.71,13.37,13.8,13.35,"NAN","NAN"
"2014-11-10 09:30:00",98,13.31,15.87,-2.766,-2.722,-2.963,-2.766,-2.624,-2.821,-2.75,-3.505,-2.739,-2.739,-2.537,-2.569,-2.646,-2.706,-2.591,-2.711,-2.547,-2.908,-2.952,-2.678,-2.744,-2.919,-2.93,-2.569,-2.711,-2.941,-2.777,-2.87,16.1,13.58,13.93,13.56,"NAN","NAN"
"2014-11-10 09:40:00",99,13.19,16.02,-2.761,-2.707,-2.964,-2.756,-2.614,-2.805,-2.745,-3.5,-2.723,-2.718,-2.527,-2.57,-2.636,-2.69,-2.57,-2.712,-2.537,-2.898,-2.942,-2.679,-2.734,-2.909,-2.92,-2.537,-2.69,-2.942,-2.756,-2.843,16.47,13.78,14.06,13.77,"NAN","NAN"
"2014-11-10 09:50:00",100,13.13,16.07,-2.759,-2.693,-2.955,-2.759,-2.611,-2.791,-2.731,-3.492,-2.715,-2.71,-2.518,-2.551,-2.617,-2.677,-2.562,-2.704,-2.54,-2.89,-2.939,-2.671,-2.737,-2.901,-2.901,-2.529,-2.682,-2.934,-2.759,-2.846,16.82,13.97,14.18,13.95,"NAN","NAN"
"2014-11-10 10:00:00",101,14.26,16.19,-2.738,-2.683,-2.945,-2.749,-2.596,-2.781,-2.716,-3.482,-2.71,-2.71,-2.508,-2.541,-2.617,-2.667,-2.552,-2.694,-2.53,-2.88,-2.918,-2.661,-2.716,-2.891,-2.891,-2.514,-2.667,-2.923,-2.749,-2.836,17.15,14.17,14.34,14.11,"NAN","NAN"
"2014-11-10 10:10:00",102,13.15,16.46,-2.727,-2.65,-2.94,-2.727,-2.585,-2.76,-2.699,-3.482,-2.699,-2.699,-2.487,-2.53,-2.607,-2.65,-2.53,-2.672,-2.508,-2.874,-2.902,-2.65,-2.705,-2.88,-2.891,-2.498,-2.65,-2.902,-2.721,-2.814,17.48,14.36,14.49,14.26,"NAN","NAN"
"2014-11-10 10:20:00",103,13.16,16.69,-2.717,-2.635,-2.924,-2.717,-2.575,-2.749,-2.684,-3.466,-2.684,-2.684,-2.476,-2.52,-2.607,-2.635,-2.52,-2.667,-2.498,-2.864,-2.891,-2.64,-2.695,-2.864,-2.864,-2.482,-2.64,-2.891,-2.706,-2.815,17.92,14.59,14.64,14.51,"NAN","NAN"
"2014-11-10 10:30:00",104,13.12,16.86,-2.695,-2.629,-2.924,-2.717,-2.564,-2.739,-2.668,-3.455,-2.678,-2.678,-2.477,-2.509,-2.597,-2.618,-2.498,-2.662,-2.498,-2.853,-2.881,-2.64,-2.695,-2.848,-2.853,-2.455,-2.618,-2.892,-2.706,-2.804,18.31,14.83,14.8,14.75,"NAN","NAN"
"2014-11-10 10:40:00",105,13.27,17.01,-2.684,-2.618,-2.913,-2.717,-2.553,-2.717,-2.656,-3.45,-2.667,-2.667,-2.455,-2.498,-2.575,-2.602,-2.487,-2.64,-2.476,-2.837,-2.87,-2.618,-2.673,-2.837,-2.837,-2.438,-2.607,-2.875,-2.684,-2.793,18.63,15.05,14.99,14.97,"NAN","NAN"
"2014-11-10 10:50:00",106,13.64,17.21,-2.678,-2.585,-2.908,-2.694,-2.542,-2.7,-2.64,-3.438,-2.667,-2.667,-2.443,-2.487,-2.574,-2.585,-2.476,-2.629,-2.465,-2.826,-2.858,-2.607,-2.662,-2.831,-2.826,-2.422,-2.585,-2.858,-2.673,-2.782,18.91,15.25,15.19,15.16,"NAN","NAN"
"2014-11-10 11:00:00",107,13.54,17.51,-2.652,-2.564,-2.892,-2.674,-2.521,-2.663,-2.613,-3.428,-2.646,-2.657,-2.422,-2.477,-2.564,-2.57,-2.455,-2.619,-2.444,-2.81,-2.827,-2.597,-2.652,-2.805,-2.805,-2.395,-2.575,-2.848,-2.646,-2.761,19.28,15.51,15.4,15.42,"NAN","NAN"
"2014-11-10 11:10:00",108,13.3,17.87,-2.634,-2.535,-2.885,-2.666,-2.513,-2.634,-2.584,-3.421,-2.628,-2.639,-2.404,-2.47,-2.557,-2.546,-2.432,-2.601,-2.426,-2.792,-2.808,-2.584,-2.634,-2.797,-2.776,-2.372,-2.546,-2.819,-2.623,-2.748,19.81,15.86,15.64,15.77,"NAN","NAN"
"2014-11-10 11:20:00",109,13.14,18.15,-2.613,-2.525,-2.875,-2.645,-2.493,-2.624,-2.569,-3.411,-2.613,-2.629,-2.383,-2.46,-2.536,-2.52,-2.416,-2.591,-2.416,-2.776,-2.793,-2.58,-2.624,-2.776,-2.749,-2.351,-2.531,-2.82,-2.602,-2.733,20.42,16.24,15.87,16.17,"NAN","NAN"
"2014-11-10 11:30:00",110,13.07,18.3,-2.602,-2.526,-2.853,-2.646,-2.482,-2.618,-2.564,-3.4,-2.607,-2.618,-2.384,-2.449,-2.536,-2.498,-2.395,-2.58,-2.406,-2.766,-2.788,-2.569,-2.602,-2.766,-2.744,-2.329,-2.515,-2.82,-2.591,-2.733,20.93,16.58,16.12,16.51,"NAN","NAN"
"2014-11-10 11:40:00",111,13.05,18.35,-2.602,-2.531,-2.853,-2.657,-2.477,-2.624,-2.564,-3.389,-2.607,-2.613,-2.395,-2.438,-2.537,-2.487,-2.395,-2.569,-2.406,-2.76,-2.788,-2.558,-2.591,-2.744,-2.733,-2.329,-2.515,-2.826,-2.597,-2.728,21.22,16.77,16.36,16.67,"NAN","NAN"
"2014-11-10 11:50:00",112,13.06,18.33,-2.602,-2.542,-2.853,-2.668,-2.46,-2.629,-2.569,-3.389,-2.608,-2.613,-2.395,-2.427,-2.537,-2.482,-2.395,-2.558,-2.406,-2.76,-2.799,-2.547,-2.591,-2.744,-2.739,-2.324,-2.504,-2.831,-2.602,-2.722,21.31,16.86,16.55,16.67,"NAN","NAN"
"2014-11-10 12:00:00",113,13.11,18.3,-2.602,-2.542,-2.853,-2.673,-2.46,-2.624,-2.58,-3.384,-2.608,-2.629,-2.4,-2.427,-2.537,-2.482,-2.395,-2.558,-2.406,-2.755,-2.799,-2.547,-2.591,-2.744,-2.744,-2.329,-2.504,-2.831,-2.602,-2.722,21.28,16.86,16.71,16.59,"NAN","NAN"
"2014-11-10 12:10:00",114,13.11,18.35,-2.597,-2.542,-2.853,-2.689,-2.46,-2.624,-2.58,-3.373,-2.608,-2.629,-2.4,-2.427,-2.547,-2.482,-2.395,-2.558,-2.406,-2.755,-2.799,-2.547,-2.591,-2.744,-2.744,-2.329,-2.515,-2.831,-2.602,-2.722,21.22,16.84,16.84,16.49,"NAN","NAN"
"2014-11-10 12:20:00",115,13.04,18.38,-2.602,-2.553,-2.864,-2.689,-2.46,-2.624,-2.58,-3.373,-2.624,-2.629,-2.406,-2.422,-2.547,-2.482,-2.395,-2.558,-2.406,-2.755,-2.799,-2.547,-2.586,-2.744,-2.749,-2.329,-2.52,-2.831,-2.597,-2.722,21.22,16.82,16.95,16.42,"NAN","NAN"
"2014-11-10 12:30:00",116,13.01,18.35,-2.602,-2.558,-2.864,-2.689,-2.46,-2.635,-2.586,-3.367,-2.624,-2.635,-2.406,-2.417,-2.547,-2.482,-2.395,-2.553,-2.406,-2.755,-2.799,-2.547,-2.591,-2.744,-2.755,-2.34,-2.526,-2.842,-2.613,-2.722,21.21,16.8,17.04,16.37,"NAN","NAN"
"2014-11-10 12:40:00",117,13.03,18.23,-2.602,-2.569,-2.864,-2.7,-2.46,-2.646,-2.591,-3.373,-2.635,-2.64,-2.427,-2.422,-2.558,-2.487,-2.395,-2.547,-2.406,-2.749,-2.81,-2.547,-2.586,-2.744,-2.766,-2.34,-2.526,-2.848,-2.613,-2.722,21.11,16.73,17.1,16.24,"NAN","NAN"
"2014-11-10 12:50:00",118,13.05,18.12,-2.618,-2.58,-2.875,-2.711,-2.46,-2.657,-2.608,-3.367,-2.635,-2.651,-2.438,-2.422,-2.558,-2.498,-2.406,-2.547,-2.417,-2.766,-2.815,-2.547,-2.602,-2.744,-2.766,-2.351,-2.537,-2.853,-2.624,-2.728,20.93,16.6,17.15,16.07,"NAN","NAN"
"2014-11-10 13:00:00",119,13.08,18.07,-2.618,-2.586,-2.886,-2.728,-2.46,-2.657,-2.608,-3.378,-2.646,-2.662,-2.438,-2.427,-2.569,-2.504,-2.406,-2.547,-2.417,-2.766,-2.82,-2.547,-2.602,-2.755,-2.788,-2.362,-2.537,-2.853,-2.624,-2.744,20.74,16.47,17.19,15.89,"NAN","NAN"
"2014-11-10 13:10:00",120,13.05,17.99,-2.624,-2.602,-2.886,-2.733,-2.46,-2.657,-2.624,-3.384,-2.651,-2.673,-2.438,-2.427,-2.58,-2.515,-2.417,-2.558,-2.417,-2.766,-2.82,-2.547,-2.602,-2.76,-2.793,-2.373,-2.547,-2.859,-2.624,-2.744,20.55,16.33,17.21,15.74,"NAN","NAN"
"2014-11-10 13:20:00",121,13.05,17.95,-2.629,-2.602,-2.897,-2.744,-2.46,-2.668,-2.624,-3.384,-2.657,-2.678,-2.46,-2.427,-2.58,-2.526,-2.417,-2.558,-2.417,-2.766,-2.82,-2.558,-2.602,-2.766,-2.799,-2.384,-2.558,-2.864,-2.64,-2.749,20.4,16.22,17.22,15.6,"NAN","NAN"
"2014-11-10 13:30:00",122,13.03,17.92,-2.635,-2.608,-2.897,-2.744,-2.471,-2.668,-2.624,-3.384,-2.668,-2.684,-2.466,-2.427,-2.591,-2.526,-2.427,-2.569,-2.427,-2.766,-2.842,-2.558,-2.613,-2.777,-2.799,-2.384,-2.569,-2.875,-2.64,-2.755,20.27,16.12,17.22,15.48,"NAN","NAN"
"2014-11-10 13:40:00",123,13,17.82,-2.635,-2.613,-2.897,-2.744,-2.471,-2.668,-2.635,-3.389,-2.668,-2.684,-2.471,-2.427,-2.591,-2.531,-2.438,-2.569,-2.427,-2.766,-2.842,-2.558,-2.613,-2.777,-2.81,-2.384,-2.569,-2.886,-2.64,-2.755,20.14,16.02,17.22,15.4,"NAN","NAN"
"2014-11-10 13:50:00",124,13,17.72,-2.646,-2.624,-2.897,-2.755,-2.471,-2.678,-2.64,-3.395,-2.673,-2.684,-2.471,-2.438,-2.597,-2.542,-2.438,-2.569,-2.427,-2.777,-2.853,-2.558,-2.613,-2.777,-2.815,-2.4,-2.569,-2.886,-2.657,-2.755,19.97,15.91,17.21,15.28,"NAN","NAN"
"2014-11-10 14:00:00",125,13.03,17.62,-2.646,-2.635,-2.908,-2.766,-2.471,-2.684,-2.651,-3.389,-2.684,-2.7,-2.471,-2.444,-2.602,-2.547,-2.444,-2.569,-2.427,-2.777,-2.853,-2.558,-2.618,-2.788,-2.831,-2.417,-2.58,-2.886,-2.657,-2.76,19.81,15.81,17.19,15.16,"NAN","NAN"
"2014-11-10 14:10:00",126,13.07,17.56,-2.646,-2.635,-2.908,-2.766,-2.477,-2.689,-2.651,-3.395,-2.684,-2.7,-2.471,-2.449,-2.613,-2.558,-2.449,-2.569,-2.427,-2.777,-2.853,-2.558,-2.629,-2.788,-2.831,-2.417,-2.591,-2.886,-2.662,-2.766,19.65,15.72,17.18,15.06,"NAN","NAN"
"2014-11-10 14:20:00",127,13.08,17.54,-2.646,-2.624,-2.919,-2.766,-2.482,-2.684,-2.64,-3.395,-2.684,-2.7,-2.471,-2.449,-2.613,-2.558,-2.449,-2.575,-2.427,-2.777,-2.853,-2.558,-2.624,-2.788,-2.831,-2.417,-2.602,-2.886,-2.657,-2.766,19.55,15.65,17.18,15.01,"NAN","NAN"
"2014-11-10 14:30:00",128,13.07,17.54,-2.651,-2.607,-2.918,-2.765,-2.482,-2.667,-2.64,-3.4,-2.684,-2.705,-2.471,-2.449,-2.613,-2.558,-2.449,-2.569,-2.427,-2.771,-2.853,-2.558,-2.634,-2.787,-2.831,-2.416,-2.596,-2.886,-2.656,-2.765,19.53,15.65,17.19,15.02,"NAN","NAN"
"2014-11-10 14:40:00",129,13.02,17.59,-2.645,-2.601,-2.918,-2.765,-2.476,-2.656,-2.629,-3.4,-2.683,-2.694,-2.47,-2.449,-2.612,-2.558,-2.449,-2.569,-2.427,-2.765,-2.853,-2.558,-2.623,-2.787,-2.831,-2.405,-2.601,-2.885,-2.656,-2.765,19.65,15.72,17.2,15.14,"NAN","NAN"
"2014-11-10 14:50:00",130,13.07,17.62,-2.645,-2.602,-2.918,-2.765,-2.471,-2.656,-2.623,-3.4,-2.672,-2.683,-2.471,-2.449,-2.612,-2.547,-2.438,-2.569,-2.416,-2.765,-2.853,-2.558,-2.612,-2.787,-2.831,-2.4,-2.591,-2.886,-2.656,-2.765,19.78,15.81,17.24,15.3,"NAN","NAN"
"2014-11-10 15:00:00",131,13.08,17.66,-2.646,-2.591,-2.913,-2.755,-2.471,-2.656,-2.624,-3.395,-2.673,-2.684,-2.471,-2.449,-2.591,-2.547,-2.438,-2.569,-2.416,-2.766,-2.853,-2.558,-2.613,-2.777,-2.831,-2.389,-2.591,-2.886,-2.64,-2.755,19.89,15.9,17.3,15.42,"NAN","NAN"
"2014-11-10 15:10:00",132,13.1,17.72,-2.645,-2.591,-2.908,-2.744,-2.471,-2.645,-2.618,-3.395,-2.667,-2.684,-2.46,-2.433,-2.591,-2.547,-2.438,-2.569,-2.405,-2.76,-2.853,-2.558,-2.613,-2.776,-2.831,-2.383,-2.591,-2.875,-2.64,-2.755,20.01,16.01,17.37,15.54,"NAN","NAN"
"2014-11-10 15:20:00",133,13.07,17.82,-2.646,-2.575,-2.908,-2.744,-2.471,-2.635,-2.602,-3.395,-2.667,-2.673,-2.46,-2.427,-2.591,-2.542,-2.438,-2.558,-2.406,-2.744,-2.842,-2.547,-2.613,-2.777,-2.82,-2.373,-2.586,-2.87,-2.64,-2.755,20.18,16.13,17.44,15.69,"NAN","NAN"
"2014-11-10 15:30:00",134,13.05,17.87,-2.64,-2.575,-2.902,-2.744,-2.471,-2.624,-2.597,-3.395,-2.651,-2.673,-2.46,-2.427,-2.58,-2.537,-2.427,-2.547,-2.406,-2.744,-2.842,-2.547,-2.602,-2.766,-2.82,-2.373,-2.58,-2.875,-2.64,-2.755,20.41,16.28,17.5,15.87,"NAN","NAN"
"2014-11-10 15:40:00",135,13.07,17.89,-2.635,-2.569,-2.897,-2.744,-2.466,-2.624,-2.597,-3.395,-2.651,-2.668,-2.46,-2.427,-2.58,-2.531,-2.427,-2.547,-2.406,-2.733,-2.842,-2.547,-2.602,-2.755,-2.82,-2.362,-2.575,-2.87,-2.635,-2.755,20.59,16.41,17.59,16.01,"NAN","NAN"
"2014-11-10 15:50:00",136,13.1,17.95,-2.635,-2.558,-2.897,-2.744,-2.46,-2.613,-2.597,-3.395,-2.646,-2.662,-2.449,-2.427,-2.58,-2.531,-2.417,-2.537,-2.384,-2.733,-2.842,-2.547,-2.602,-2.749,-2.81,-2.351,-2.569,-2.853,-2.635,-2.755,20.68,16.5,17.68,16.09,"NAN","NAN"
"2014-11-10 16:00:00",137,13,18.02,-2.635,-2.547,-2.897,-2.744,-2.46,-2.613,-2.58,-3.384,-2.64,-2.657,-2.46,-2.417,-2.575,-2.531,-2.417,-2.537,-2.384,-2.733,-2.842,-2.542,-2.591,-2.744,-2.81,-2.351,-2.569,-2.842,-2.635,-2.744,20.75,16.61,17.77,16.21,"NAN","NAN"
"2014-11-10 16:10:00",138,12.99,18.07,-2.635,-2.542,-2.897,-2.744,-2.46,-2.602,-2.564,-3.384,-2.64,-2.64,-2.46,-2.417,-2.558,-2.531,-2.417,-2.537,-2.373,-2.733,-2.842,-2.542,-2.58,-2.733,-2.81,-2.351,-2.569,-2.842,-2.635,-2.744,20.88,16.82,17.86,16.41,"NAN","NAN"
"2014-11-10 16:20:00",139,13,18.07,-2.635,-2.542,-2.897,-2.744,-2.46,-2.613,-2.569,-3.384,-2.64,-2.64,-2.46,-2.411,-2.558,-2.526,-2.417,-2.526,-2.373,-2.733,-2.848,-2.537,-2.58,-2.711,-2.81,-2.351,-2.569,-2.842,-2.635,-2.744,20.94,17.04,17.94,16.64,"NAN","NAN"
"2014-11-10 16:30:00",140,12.98,18.07,-2.64,-2.553,-2.897,-2.744,-2.46,-2.613,-2.575,-3.378,-2.64,-2.64,-2.46,-2.406,-2.558,-2.526,-2.417,-2.526,-2.384,-2.733,-2.853,-2.537,-2.569,-2.711,-2.81,-2.351,-2.569,-2.853,-2.64,-2.744,20.92,17.16,18.02,16.74,"NAN","NAN"
"2014-11-10 16:40:00",141,13.04,18.05,-2.646,-2.558,-2.897,-2.744,-2.46,-2.613,-2.591,-3.373,-2.651,-2.64,-2.471,-2.395,-2.564,-2.531,-2.417,-2.515,-2.373,-2.733,-2.853,-2.537,-2.58,-2.711,-2.815,-2.362,-2.58,-2.853,-2.64,-2.744,20.84,17.18,18.09,16.72,"NAN","NAN"
"2014-11-10 16:50:00",142,13.03,18.07,-2.646,-2.558,-2.897,-2.744,-2.46,-2.602,-2.591,-3.378,-2.651,-2.651,-2.46,-2.395,-2.569,-2.531,-2.417,-2.52,-2.373,-2.733,-2.853,-2.531,-2.58,-2.711,-2.82,-2.362,-2.58,-2.853,-2.64,-2.744,20.73,17.17,18.16,16.67,"NAN","NAN"
"2014-11-10 17:00:00",143,13.06,18.1,-2.64,-2.558,-2.897,-2.744,-2.46,-2.591,-2.591,-3.373,-2.651,-2.651,-2.46,-2.395,-2.569,-2.515,-2.411,-2.515,-2.373,-2.733,-2.853,-2.526,-2.58,-2.722,-2.82,-2.351,-2.58,-2.859,-2.64,-2.744,20.64,17.23,18.2,16.74,"NAN","NAN"
"2014-11-10 17:10:00",144,13.08,18.17,-2.635,-2.558,-2.897,-2.744,-2.46,-2.58,-2.591,-3.378,-2.651,-2.651,-2.46,-2.4,-2.58,-2.515,-2.406,-2.515,-2.373,-2.722,-2.853,-2.526,-2.58,-2.728,-2.82,-2.335,-2.58,-2.859,-2.64,-2.744,20.61,17.33,18.28,16.94,"NAN","NAN"
"2014-11-10 17:20:00",145,13.01,18.28,-2.635,-2.569,-2.897,-2.744,-2.444,-2.58,-2.591,-3.378,-2.651,-2.651,-2.46,-2.395,-2.58,-2.515,-2.406,-2.515,-2.373,-2.7,-2.853,-2.526,-2.58,-2.733,-2.815,-2.318,-2.575,-2.87,-2.635,-2.744,20.64,17.41,18.36,17.17,0.988,0.2964752
"2014-11-10 17:30:00",146,12.99,18.33,-2.635,-2.569,-2.897,-2.744,-2.438,-2.591,-2.608,-3.378,-2.657,-2.651,-2.46,-2.395,-2.58,-2.509,-2.406,-2.515,-2.373,-2.7,-2.853,-2.526,-2.58,-2.733,-2.815,-2.318,-2.575,-2.886,-2.64,-2.744,20.66,17.44,18.45,17.39,0.92,0.2760603
"2014-11-10 17:40:00",147,12.98,18.35,-2.635,-2.58,-2.897,-2.744,-2.444,-2.602,-2.613,-3.378,-2.662,-2.651,-2.466,-2.395,-2.58,-2.509,-2.406,-2.515,-2.378,-2.7,-2.853,-2.531,-2.58,-2.739,-2.815,-2.318,-2.58,-2.886,-2.646,-2.744,20.63,17.39,18.52,17.43,0.881,0.2642218
"2014-11-10 17:50:00",148,12.97,18.33,-2.646,-2.597,-2.897,-2.749,-2.449,-2.602,-2.624,-3.384,-2.662,-2.668,-2.471,-2.395,-2.591,-2.515,-2.411,-2.515,-2.384,-2.7,-2.853,-2.537,-2.591,-2.744,-2.826,-2.335,-2.58,-2.886,-2.651,-2.755,20.57,17.32,18.58,17.34,0.832,0.2496062
"2014-11-10 18:00:00",149,12.96,18.3,-2.646,-2.602,-2.897,-2.755,-2.449,-2.624,-2.624,-3.389,-2.662,-2.668,-2.471,-2.4,-2.591,-2.537,-2.417,-2.515,-2.384,-2.717,-2.864,-2.537,-2.591,-2.744,-2.831,-2.351,-2.58,-2.897,-2.651,-2.755,20.5,17.22,18.59,17.18,0.717,0.2150027
